005553
005537
006007
005592
002884
006089
003012
002627
002655
002302
005005
003163
005126
004761
004552
003111
006880
001468
007356
006292
003359
005795
002375
004584
003813
006861
003274
006253
007039
005305
005798
006893
001486
001815
004919
000998
000243
004231
001849
001293
006571
001757
004102
002834
003241
000680
006361
002072
007298
005520
004211
003912
000513
006878
003336
004936
000009
006150
007066
003595
000621
001779
003044
002125
005861
003198
005833
006431
004333
004602
000972
001159
002967
004627
005858
004184
002465
004192
006504
004292
003646
002566
004951
006809
001059
006526
000697
006318
002597
000582
001452
004590
002195
003380
000348
006323
004127
003388
007057
001695
001453
002213
000978
006911
005205
006203
002650
005294
002395
000349
001366
002688
004495
000205
005868
003263
000171
000390
007446
001912
001799
005694
000470
006414
005245
001041
002032
001223
001975
005418
001598
003036
004279
003850
001554
000982
001696
006113
003060
003673
003942
004597
005134
002939
006998
001484
007451
006261
005060
006984
002247
004643
003362
004461
006216
002559
004135
006622
003664
005025
005953
005376
001691
003439
001510
000578
001841
003745
002080
005463
001057
001608
005432
005778
004616
001690
005446
004982
004571
002768
000484
007358
003648
002596
000955
001160
001399
000185
004235
005967
004733
001032
001639
001204
004857
006329
004675
000861
000325
006653
002493
007393
000901
006979
007460
003843
005043
003125
003164
000886
005789
005270
001479
004544
004141
001655
004546
002431
003792
004479
002083
006143
000887
006961
005352
006554
000456
001496
003680
005388
002106
001857
000947
000586
006037
000255
003861
003976
005044
000198
005959
001186
004133
004005
002898
000435
007379
001038
005797
001210
003218
000593
006566
000685
006929
005009
005756
000462
005089
003479
002456
005258
006223
005132
000870
006457
004736
007282
005628
000829
000652
007105
001364
001126
001482
003821
000584
004376
006020
006422
002264
005622
001473
006490
003329
002109
002289
004201
007438
000753
005550
004287
003797
004267
003205
007188
005047
004471
006398
003786
006303
000851
007126
006642
004372
007476
002274
004820
000095
001993
005358
005340
005693
002051
004703
003128
005665
002471
005042
006092
001300
000681
001911
005609
004623
000643
001949
004663
001614
006784
004701
000276
002394
005290
006821
004262
004662
002335
005235
004088
000275
006295
003642
000941
000890
006172
002007
003195
001080
001623
003184
005691
002576
001165
001122
000280
003761
003253
002882
004754
002554
006831
007107
002739
004592
001459
006421
000570
003390
004463
000411
005645
006857
005896
004971
004381
001310
002150
005715
004786
004522
000105
003086
001734
002617
007474
006546
006404
007075
005802
005924
000918
007111
004741
002020
002271
004555
002779
004218
006022
003267
001988
004408
003918
004771
003132
006193
004399
006657
003059
003344
006378
004886
005016
005897
004894
003339
002983
002799
000532
003602
000080
005171
004854
002643
007306
006428
004046
005641
005779
000957
003463
001238
000060
001578
004536
006188
003416
006779
004165
004411
000222
004897
002006
003473
000338
007248
000686
004354
005705
002842
003472
005890
000813
006492
002236
007234
000631
002339
005216
005402
003853
002676
001464
003256
002704
000864
000553
004167
001850
005849
005529
001609
002591
005937
005987
005438
006090
003789
004840
004619
004103
001620
005401
001789
003083
002030
003754
000217
000049
002864
006684
003345
000846
006257
004445
001653
005701
001687
002312
001425
000441
001326
006735
005895
003041
002547
001601
004877
002227
005210
006192
002453
000987
005364
006746
005150
007314
003176
003200
001361
003258
005118
006443
001456
002938
005823
000431
002965
003989
002323
006255
003995
006390
007197
006740
004056
006838
005022
006513
002379
002555
000842
000434
003376
001678
003849
002095
002204
006630
003846
000267
000547
001492
003566
006392
003512
001493
007317
001607
005575
003699
007108
003638
000375
006160
000574
006896
003783
004906
003919
001641
003759
004558
005771
004674
006545
000599
006320
006750
000770
004750
002117
004410
004827
005780
006584
002698
005655
001981
002560
006065
005734
006319
000693
000534
002281
001568
000259
006335
006019
001956
005012
003437
005605
003639
001029
001297
003398
005567
002096
005626
000563
000148
001322
003279
002238
007249
004774
004233
007148
003911
001520
001793
004347
003578
000316
003500
001811
005850
003215
002240
004451
006606
001866
005524
007390
005667
000096
002946
001327
002665
004559
001630
004605
003486
003360
001003
006094
002230
000649
000712
006463
006224
002766
005183
002691
000656
003670
003173
002614
001174
005845
006826
000962
006141
002770
000540
001392
003572
003452
001030
004828
003261
001593
003597
001408
004560
002537
005612
006511
005568
006018
000088
000487
003876
006236
005503
003317
007156
001796
005696
000671
000471
005428
000791
007073
007296
006864
002226
007368
004856
002708
004595
005456
000945
004097
000074
007090
005578
007432
000287
001688
001509
007121
004637
000003
002317
002778
005508
005848
001378
003119
006180
000641
001663
004488
002940
005408
000950
003700
001169
001093
005277
002244
007196
006801
005860
001197
005382
004882
004784