005553
005537
006007
005592
002884
006089
003012
002627
002655
002302
005005
003163
005126
004761
004552
003111
006880
001468
007356
006292
003359
005795
002375
004584
003813
006861
003274
006253
007039
005305
005798
006893
001486
001815
004919
000998
000243
004231
001849
001293
006571
001757
004102
002834
003241
000680
006361
002072
007298
005520
004211
003912
000513
006878
003336
004936
000009
006150
007066
003595
000621
001779
003044
002125
005861
003198
005833
006431
004333
004602
000972
001159
002967
004627
005858
004184
002465
004192
006504
004292
003646
002566
004951
006809
001059
006526
000697
006318
002597
000582
001452
004590
002195
003380
000348
006323
004127
003388
007057
001695
001453
002213
000978
006911
005205
006203
002650
005294
002395
000349
001366
002688
004495
000205
005868
003263
000171
000390
007446
001912
001799
005694
000470
006414
005245
001041
002032
001223
001975
005418
001598
003036
004279
003850
001554
000982
001696
006113
003060
003673
003942
004597
005134
002939
006998
001484
007451
006261
005060
006984
002247
004643
003362
004461
006216
002559
004135
006622
003664
005025
005953
005376
001691
003439
001510
000578
001841
003745
002080
005463
001057
001608
005432
005778
004616
001690
005446
004982
004571
002768
000484
007358
003648
002596
000955
001160
001399
000185
004235
005967
004733
001032
001639
001204
004857
006329
004675
000861
000325
006653
002493
007393
000901
006979
007460
003843
005043
003125
003164
000886
005789
005270
001479
004544
004141
001655
004546
002431
003792
004479
002083
006143
000887
006961
005352
006554
000456
001496
003680
005388
002106
001857
000947
000586
006037
000255
003861
003976
005044
000198
005959
001186
004133
004005
002898
000435
007379
001038
005797
001210
003218
000593
006566
000685
006929
005009
005756
000462
005089
003479
002456
005258
006223
005132
000870
006457
004736
007282
005628
000829
000652
007105
001364
001126
001482
003821
000584
004376
006020
006422
002264
005622
001473
006490
003329
002109
002289
004201
007438
000753
005550
004287
003797
004267
003205
007188
005047
004471
006398
003786
006303
000851
007126
006642
004372
007476
002274
004820
000095
001993
005358
005340
005693
002051
004703
003128
005665
002471
005042
006092
001300
000681
001911
005609
004623
000643
001949
004663
001614
006784
004701
000276
002394
005290
006821
004262
004662
002335
005235
004088
000275
006295
003642
000941
000890
006172
002007
003195
001080
001623
003184
005691
002576
001165
001122
000280
003761
003253
002882
004754
002554
006831
007107
002739
004592
001459
006421
000570
003390
004463
000411
005645
006857
005896
004971
004381
001310
002150
005715
004786
004522
000105
003086
001734
002617
007474
006546
006404
007075
005802
005924
000918
007111
004741
002020
002271
004555
002779
004218
006022
003267
001988
004408
003918
004771
003132
006193
004399
006657
003059
003344
006378
004886
005016
005897
004894
003339
002983
002799
000532
003602
000080
005171
004854
002643
007306
006428
004046
005641
005779
000957
003463
001238
000060
001578
004536
006188
003416
006779
004165
004411
000222
004897
002006
003473
000338
007248
000686
004354
005705
002842
003472
005890
000813
006492
002236
007234
000631
002339
005216
005402
003853
002676
001464
003256
002704
000864
000553
004167
001850
005849
005529
001609
002591
005937
005987
005438
006090
003789
004840
004619
004103
001620
005401
001789
003083
002030
003754
000217
000049
002864
006684
003345
000846
006257
004445
001653
005701
001687
002312
001425
000441
001326
006735
005895
003041
002547
001601
004877
002227
005210
006192
002453
000987
005364
006746
005150
007314
003176
003200
001361
003258
005118
006443
001456
002938
005823
000431
002965
003989
002323
006255
003995
006390
007197
006740
004056
006838
005022
006513
002379
002555
000842
000434
003376
001678
003849
002095
002204
006630
003846
000267
000547
001492
003566
006392
003512
001493
007317
001607
005575
003699
007108
003638
000375
006160
000574
006896
003783
004906
003919
001641
003759
004558
005771
004674
006545
000599
006320
006750
000770
004750
002117
004410
004827
005780
006584
002698
005655
001981
002560
006065
005734
006319
000693
000534
002281
001568
000259
006335
006019
001956
005012
003437
005605
003639
001029
001297
003398
005567
002096
005626
000563
000148
001322
003279
002238
007249
004774
004233
007148
003911
001520
001793
004347
003578
000316
003500
001811
005850
003215
002240
004451
006606
001866
005524
007390
005667
000096
002946
001327
002665
004559
001630
004605
003486
003360
001003
006094
002230
000649
000712
006463
006224
002766
005183
002691
000656
003670
003173
002614
001174
005845
006826
000962
006141
002770
000540
001392
003572
003452
001030
004828
003261
001593
003597
001408
004560
002537
005612
006511
005568
006018
000088
000487
003876
006236
005503
003317
007156
001796
005696
000671
000471
005428
000791
007073
007296
006864
002226
007368
004856
002708
004595
005456
000945
004097
000074
007090
005578
007432
000287
001688
001509
007121
004637
000003
002317
002778
005508
005848
001378
003119
006180
000641
001663
004488
002940
005408
000950
003700
001169
001093
005277
002244
007196
006801
005860
001197
005382
004882
004784
006728
000331
005011
000758
005491
006310
005354
005871
000906
003542
006049
007270
003994
001816
004139
004024
004058
003650
003833
001164
007461
004970
005767
002059
000232
006489
006230
003155
003933
003637
001743
003615
007160
001930
006178
001669
007297
001436
006867
000424
002629
004550
006949
000585
001256
006495
004702
000896
000439
001531
000914
004219
001595
002358
006304
006523
003501
006363
003072
005936
002821
001895
001499
004681
004080
002904
005945
000032
002851
002212
007129
006921
004436
004533
006510
003953
006359
004382
005697
003297
004833
004070
001073
000254
002321
004380
000160
004013
000711
003413
004442
001788
004266
003212
001534
001440
002762
007307
000221
005104
002912
005066
005478
002969
000839
000100
003844
003693
006159
004017
006011
005425
002039
002990
001530
005496
003776
003900
001785
006119
001661
001184
001871
002253
004991
003361
005831
004604
001301
003867
004177
002342
001556
001944
003457
005774
003462
006387
002871
005761
007245
000934
003264
004019
006284
004758
003674
003334
003951
006799
000627
003617
007020
000018
004193
005517
001637
005792
001137
005212
003815
007096
003017
001040
006373
004505
003377
006680
003494
003785
003819
001200
006787
003603
004431
000214
005231
002269
006479
007313
004607
003002
002480
005130
003113
002860
005152
002689
003704
000157
006494
001110
005866
007372
003328
006174
006231
005361
006262
002023
005835
002512
000466
001725
002066
006000
004837
006985
002133
004400
000898
006480
005131
003598
001922
001708
000101
003206
004727
005788
007312
006840
003698
004037
002448
006358
001156
004826
006538
001686
006918
005414
003555
002063
003290
005646
006528
007104
000954
004268
004225
004145
002647
003730
005870
005351
002360
001393
005884
003640
003051
006963
000608
007179
007251
007193
002496
000400
001130
003832
005173
002221
005932
003191
000075
000146
003320
000012
002642
006448
003246
001401
000688
006017
000633
006241
002981
001202
007254
005380
002194
001955
001258
005674
000358
006875
003968
005099
006587
002649
002807
002700
004922
005264
003626
006134
003599
000880
003955
000830
006079
005722
006308
005598
004497
004809
002771
000707
000828
000460
004911
001414
005817
001033
006585
000549
000022
006883
000068
000158
000087
003299
005716
005825
001523
007370
000598
001288
002714
006539
006509
003613
000144
000580
004466
000264
001657
003268
001512
007170
005934
003714
005775
005989
005186
003722
006350
004006
002670
004432
006376
004240
004543
001913
000936
006293
005239
007366
004842
005374
004378
000787
005003
000607
006214
002288
007281
002684
004331
002374
000086
005902
001418
003966
006362
001906
005711
003374
000845
001672
007452
001031
005562
002813
003838
003625
005541
003790
003947
006147
004819
002097
002263
005398
006665
001168
006101
002652
006941
003606
004182
002178
004147
001838
005862
004572
000244
000594
003314
007425
002311
002270
000461
002618
000099
006983
002718
005243
000968
007147
007203
006400
003121
001847
002968
006704
001220
001539
001181
003773
000531
005435
002098
000507
001369
001368
004973
007218
004631
001020
005776
000989
002897
004234
004283
005530
003675
002070
000442
002055
003441
006736
005908
005286
002949
007406
002077
001832
000165
005928
002736
005324
006076
001553
006689
000164
004296
004834
006830
000762
001842
001971
003100
000891
000178
002909
000715
002705
006600
005367
001973
007114
002149
001028
004957
005604
007399
004793
006485
001873
006705
005254
001784
002099
000034
002441
001362
001282
005196
002623
004236
000112
006952
005303
000724
004641
002318
003123
005692
004789
001939
000777
007431
000726
001957
006309
003586
006795
001968
001005
001024
002222
005644
000044
006242
000029
000872
001819
001792
001791
000609
004524
001961
006859
003743
004664
006672
006158
001036
001612
001343
000868
005091
006923
001171
005990
003987
007465
006926
005420
000857
003354
001348
005865
001679
002009
000220
001540
000286
004781
001064
003008
000313
004554
007013
002780
005020
001899
006697
006206
002517
001465
001475
003857
003382
002155
002865
005137
005046
003356
003904
005627
000786
003990
002732
007116
002331
001373
006640
003171
002144
002751
006487
004997
004642
000836
007058
007293
005223
001079
002498
004054
001324
007365
006579
007099
001599
003526
002542
003929
004915
006905
002733
000131
006157
003130
005606
001638
002817
000927
003744
004913
001962
003548
002872
002862
002579
003963
005285
000084
004704
001903
006069
005950
000371
005475
000295
006616
005097
000202
006205
005675
000432
005506
003709
002275
002972
006594
005490
004203
004093
004106
003592
002406
007428
003333
006458
007295
006055
007338
007346
000110
003427
002162
003178
006599
000277
003023
001914
000654
007341
005006
002738
006817
007239
006552
000937
002350
004916
003340
005436
002069
000640
004823
003765
005283
002929
003513
000834
003979
003997
003845
001700
002956
006081
006544
006848
001681
003663
000121
006383
002326
005521
006810
007373
003277
001103
004690
000145
005344
007124
005228
004355
005993
002595
006790
006951
000575
006279
001673
003784
007191
002550
002513
003508
003518
003282
000306
001325
003810
005492
002616
005942
002874
000177
002436
007216
006615
000417
004020
004563
005302
005637