024384
023145
022113
020794
020198
006854
000946
000809
000036
016478
005075
025776
026280
023772
011004
013917
001995
006952
023392
016889
008900
019525
022912
027256
018802
021797
023903
004944
024117
007364
003414
006456
013005
023139
010197
007535
000034
011969
025430
014217
016935
004331
014887
000950
019264
015875
027266
004632
007356
007109
012305
004599
022207
020973
020049
019230
007670
018688
014298
027241
004869
012196
010947
001706
021313
012726
012631
019182
027851
019583
021027
002532
020551
027493
019207
009844
011898
010784
018869
001898
007042
004186
013557
008801
018871
025059
004596
018522
018970
020848
009333
019615
018329
003408
003304
008831
020399
001922
006695
022006
015347
018548
010049
005469
008045
006232
005048
002552
005534
020782
025899
016762
025432
018997
019488
017360
024247
009639
001846
026976
027762
008640
009699
010223
016727
022371
012714
025521
028075
026233
007703
025220
009618
019728
024926
017342
011117
010885
004107
010402
016467
015076
022702
011291
025443
017978
008499
012387
023815
024565
001239
009092
006754
026469
010390
021115
021791
004951
010561
001825
013400
019550
020105
002112
017382
020474
006033
008279
026827
020041
018370
012211
000824
025295
000551
019920
016823
027754
002727
026226
023165
024361
023661
022126
002731
021754
026242
022206
007558
008292
024855
005144
015269
027062
024793
018988
007800
017498
000306
001494
027121
018693
010170
006532
006598
021744
002866
013966
003036
026978
014991
005515
007582
020230
013553
025327
009079
007478
004618
000889
004964
027417
026820
027111
015913
024507
012348
019945
001737
002147
019683
011964
017780
018173
011901
021755
015299
020746
005776
009411
026212
001379
002236
000332
003368
023461
000702
002145
026656
003496
023676
000459
013753
012664
015560
026377
005520
010150
004056
002011
022396
022038
017244
012316
025943
020641
023503
008990
005457
021352
004263
018150
004639
007376
006627
021171
005770
023944
023305
009104
022062
001257
027337
024664
025704
017163
021523
006099
012873
000810
003379
023939
020340
012370
027010
013100
022005
024612
009428
005106
013415
027030
023308
014777
017124
023144
010347
001963
006830
013599
003825
016275
013008
006417
026576
010649
001139
017928
015955
007575
018386
015201
010808
026288
019916
023311
001187
008674
013913
012510
003344
008469
017692
025757
006208
011989
026502
007455
026103
016328
005345
010831
019212
013981
015305
010798
015070
005189
005918
022598
020132
022929
020197
008888
015517
014139
022810
023320
021993
014015
015697
021598
019097
018172
002281
004472
001890
019940
003095
005525
023198
020533
018312
025127
002588
027371
013154
005259
002809
021814
027614
009206
022794
027165
024458
006911
011478
007473
009876
006649
010769
010367
009259
025947
020360
002161
013751
027685
009662
000238
002286
028056
026120
011554
013563
020600
017022
010341
008260
017075
007089
002961
019083
026637
021219
001351
022215
008922
024567
023843
011833
016702
005849
022710
022791
000543
015624
018579
003627
022483
016366
003908
019539
020126
000544
011374
003426
011880
012365
024851
004153
023167
024359
013102
015109
003547
017078
008681
001396
005230
012438
005503
019236
006254
005887
006954
021347
013332
001302
010324
015851
013848
014755
007143
026307
017977
027503
025667
012389
005690
005592
017955
017191
007346
017260
026472
021234
006829
027015
010028
007196
012029
006858
019258
018337
016030
006542
027445
023770
020716
013181
011588
018908
005130
012023
016917
008690
026761
008818
023816
013707
019787
022673
000422
021149
011468
016692
010255
010759
018146
005442
011569
008773
007481
004582
009965
022763
006071
024657
023175
014037
024742
006912
008486
010040
014621
001604
024705
026636
027446
017002
007986
023748
012617
019667
027187
018658
018366
013279
024650
010642
006875
013300
008977
000349
001768
018648
011563
000802
006180
026204
008949
018112
010419
000711
027732
017838
022380
020408
026516
012662
023065
015903
027585
027042
009570
013696
011528
000991
002107
007549
022180
008515
020839
002687
001568
009623
025647
022486
003758
028078
011106
014167
003904
001665
027374
022826
020978
013199
026089
001120
016021
009005
017196
025309
012181
026371
022203
001869
007542
000878
014211
022369
025097
017519
000985
003381
027716
025567
019908
015647
003762
007055
002550
023086
010119
020146
001267
006847
019327
020657
012341
024712
007995
014160
007155
025966
007046
004902
015725
002088
007710
026832
010089
002635
010201
022574
009458
026759
005843
020249
005258
026646
002620
000465
022183
004061
002438
005392
017934
024423
003346
005668
006989
005176
027462
000830
008562
008754
004860
007692
015261
014521
023704
003808
004295
018772
001552
012088
022243
027408
028088
007651
003065
009750
006931
006749
003987
021339
002872
024732
025898
027066
005982
020270
011326
025616
012627
011504
024951
019750
023970
007157
000511
026781
017109
007920
023835
017469
022728
007878
016595
005553
024365
000944
026222
018918
024463
016327
002598
024203
004007
008390
023893
012854
020513
028047
027960
003701
023783
005906
006776
025527
026163
007233
016671
017680
012974
005301
005909
007780
011092
021278
009140
013125
017288
003926
026425
010026
008780
010461
001921
009282
017902
006165
012551
014077
027468
017592
022137
006823
003524
008961
000182
019059
005728
015568
001700
011756
016395
010571
014951
001753
008771
019986
010515
006124
003552
027836
024896
002195
009425
012424
027356
000451
017544
008597
001750
022277
010126
005980
019847
025566
019621
001382
015900
015766
022584
002877
023688
024154
017686
019706
021143
001650
004094
024868
012450
006826
014988
011475
008880
021677
009152
023742
018464
001885
002097
025300
000506
019322
020842
006311
000758
026393
021392
023055
005149
021334
023723
016760
004661
008663
003729
026696
021833
004411
010822
013032
018042
021126
006475
015022
009415
000540
011757
009546
022138
016940
018308
017991
010020
024136
022854
014467
002522
002454
021358
020665
019689
011052
003132
005379
023496
015473
004624
006058
026417
003439
016668
000076
000556
018309
004264
027389
021135
022629
003070
026375
026800
015683
010351
017289
013155
017451
006977
012322
021962
014212
012686
009146
002410
020295
024647
016541
014036
006230
001747
002691
021776
020893
027463
002587
010699
017387
009613
002752
018962
009030
008377
026327
013087
024023
013310
017979
009770
025572
012173
000659
021042
024002
006272
006136
007018
000552
009082
011985
027573
023457
004093
020666
021172
014594
006399
025464
008564
014260
020711
016122
016626
010691
002583
007686
006786
017607
007418
014457
023232
026139
021032
018701
002733
020705
016960
002227
009466
012772
005665
010088
024248
001048
020101
024321
025787
003463
008275
021093
002884
026504
003958
016410
006112
018546
006054
000798
020038
001360
007136
022990
005365
003435
027513
012769
021910
027861
016637
005877
002327
011026
013827
008057
023036
011802
009166
027674
022308
007254
014025
006235
018338
000775
011129
026870
008865
025505
025514
009063
004788
001660
010399
025996
001713
021124
013958
007694
002126
006413
013062
020367
009663
024638
013152
007151
027154
022096
007522
020790
000408
024309
004226
007066
017952
022620
000521
003353
006647
005362
028052
025511
027064
026309
005349
009834
016138
003185
000701
000078
018347
001198
022562
009407
004947
011606
013815
005451
001165
025637
006068
012992
013880
001242
017863
026810
020485
018920
014973
000842
002300
004826
023950
002725
024534
022379
019385
017711
021682
006360
018404
008047
027349
012459
008571
003572
016339
021874
019859
021518
026430
025475
012013
027737
012749
008821
024243
023272
012751
026178
020411
023010
012504
020355
017492
017486
002748
015434
004912
013264
011282
026857
009249
021533
027643
014535
026797
011145
000956
007013
011150
002972
003176
016991
005342
018485
018938
021778
004896
001576
012266
021788
022856
025611
006211
019955
016863
016061
021389
021330
020138
006450
024210
024106
005480
005415
015349
006191
013276
017167
000854
022108
027377
020109
018034
022842
020081
001287
024568
015543
006612
004451
002100
010364
000722
005869
003047
024070
005788
002642
010300
020679
000209
010133
006578
009376
011776
015861
014920
008593
015943
011043
026396
015689
011318
026704
004762
000904
024922
019563
009752
011079
014628
006561
024065
022832
025674
006159
000175
006846
015188
026789
014888
023025
027955
011338
027652
026671
014533
008074
006862
022202
018784
001789
002803
020972
011907
018583
021055
018126
004728
008002
001909
022072
008273
022518
015258
015123
015484
008669
005334
019803
010974
007667
009793
020405
012768
007204
014686
028007
008230
015677
014353
009416
026296
003969
015085
001719
005893
026768
019031
015034
014026
011198
025317
021838
026401
011633
017416
001238
005729
015806
011963
010234
016137
017591
022780
010582
002352
014993
019964
011238
020203
002125
005169
011077
016039
022066
009579
008062
027938
001632
020108
015242
026585
001259
008557
006016
009966
002610
005489
013322
002002
025767
017287
007904
025446
018237
015073
018244
020391
011440
021530
017201
015722
019813
007806
015908
014542
001367
017323
005679
008209
011279
023188
004611
022590
024695
020107
007454
019556
026086
019199
010037
001070
016655
016658
010961
022655
007810
009608
019198
018549
026223
009199
007448
027147
009952
006972
012497
002443
028015
021010
012155
003085
008551
022623
026087
002194
002446
007253
010509
026983
020314
002400
021633
023239
020267
013038
000962
027115
000572
023643
004668
016283
019242
019437
022460
024545
015385
026171
012182
027262
002479
003026
005137
019298
006941
024426
016893
024084
014259
014958
018699
009596
021979
014719
016600
015500
015888
016355
013056
024000
024710
026273
004298
019101
025789
009481
018931
006388
000061
024424
015079
008170
009683
026151
012476
023017
003925
016789
020744
024711
005095
022835
020599
002755
008908
012754
018140
009383
008976
014508
021383
003032
023217
010459
001767
007187
007393
018847
001167
017743
013106
005764
019663
006886
019959
013471
001097
010366
023014
017948
011038
014288
006312
017963
010073
009489
012273
017308
023257
020227
021485
008885
005000
015285
004305
000250
026197
009609
025153
018907
026394
023858
016828
026313
011216
005164
011471
019963
015221
024689
025734
001818
012034
022020
014553
010685
024917
016865
000700
014587
023126
003318
020224
002814
024044
007652
026866
004042
025020
020903
000021
004626
015641
007063
014846
007892
012089
017175
011014
003229
002121
025031
008192
021268
003347
005699
008998
003264
010235
022760
019848
020273
001018
016772
002865
021182
022237
027756
017204
019241
023930
007852
004853
002770
016428
019295
004281
001344
012647
010532
009708
000811
009138
003260
000430
023504
009736
000221
011875
027561
021060
011446
008093
003731
008828
021342
022511
000628
027591
007732
019326
016438
027498
007665
003912
009695
004407
025683
022454
005943
015669
010408
019893
026560
015419
025171
007381
021499
013702
006585
012343
001240
000057
026872
019418
004559
024844
027087
024167
021005
007848
018160
003972
016922
002983
022459
006119
021273
022948
004180
023340
001876
006240
001400
013910
024817
026998
002047
008962
003653
019201
011664
016103
001628
014163
005618
011503
017473
024586
025482
019946
017596
001299
001851
021366
011403
024958
016420
011859
015390
004672
006249
012059
023662
009840
008926
006166
025235
021406
025524
008067
025154
006583
005804
018047
021700
015670
001362
025713
010558
005936
015498
019609
003655
008063
024716
022512
021703
002477
027134
026347
013644
025483
012838
001873
022771
017676
017943
019052
025522
013006
023124
002528
015172
021475
018255
009567
014636
015280
020916
012687
014283
014603
020326
007779
015277
002575
008157
022637
018692
011663
007022
017727
024627
007037
025710
022689
009136
006121
010043
022553
010340
012514
001819
016638
025180
007463
005685
019224
022042
019755
002966
008244
010212
009819
008381
012786
012480
024493
007598
006453
004142
004737
016833
002935
015400
022128
027687
004490
014402
010233
004299
011686
010010
020064
004040
010380
025312
007561
002536
006480
002430
028091
002008
001185
015501
012487
011814
021117
017573
000498
013194
001554
027842
020202
018381
004092
023927
006699
006384
007246
005536
003932
018501
002900
026973
001200
025546
016133
016399
011981
009258
005835
005962
002942
022400
008842
007075
012131
003412
018100
016347
025830
007789
010356
008441
011286
020961
012667
013777
014873
014582
012198
023691
020416
004640
013444
005455
026072
018525
021465
004862
014949
002756
012326
013932
016491
005901
009767
027659
021323
019515
010763
025983
017568
019320
021111
024717
022158
011881
011351
016946
001594
010307
024144
013233
011356
008526
000114
002953
012870
013796
013519
017917
025711
007883
008751
007695
013188
026641
001804
006882
019170
025526
006927
006956
017007
015317
004992
002537
009796
019576
003986
026320
016195
026140
015059
019649
017563
002828
012138
017787
011835
027076
000248
013046
018987
015152
011428
021597
015143
024462
008322
018793
005507
014451
015805
013652
012369
009594
019598
022010
001162
018980
000104
006635
000930
028090
001906
003746
011256
012469
000145
014725
015427
015898
011887
008488
016342
010425
025664
025175
026104
016873
015782
013739
018111
017810
025085
020564
019457
025852
003121
020507
024270
025849
022121
005344
000436
013001
024436
013779
010894
028086
006103
008044
013391
018710
018410
010145
014059
014864
020906
027782
020747
027644
026230
020541
011235
009499
008954
010194
015279
020050
001859
008544
014994
023967
021868
000235
015938
008536
024075
001059
016353
006483
025512
005750
012116
019794
010999
024786
004840
025497
006328
027150
011229
012598
002947
017164
017640
027715
006925
011695
020494
022720
014962
017310
022602
027290
007728
021421
021260
025052
023347
004324
024856
018180
016109
022059
017887
024915
010755
021474
014108
005908
017757
022789
004001
016973
021456
005687
000627
026051
008256
003097
024831
010732
025788
001978
020025
010277
016023
024298
007131
002449
005422
004940
011116
020052
016563
013906
010593
027176
021369
017593
012819
007197
027207
024987
000787
001159
009018
026701
023923
010708
016040
016770
020943
010484
020176
017891
025638
007756
014547
011389
020834
003515
009863
012527
007354
011789
018711
006615
008102
020385
023022
002954
022001
023114
004251
010370
008296
016500
000088
020648
020488
014222
015783
003668
003835
018001
006835
011622
000201
023969
004997
024371
009198
007106
015802
008323
017598
017369
021944
003523
000836
013178
020526
025498
019736
026409
011549
014046
005777
003747
010055
013537
008466
016849
018472
010823
016503
014734
001210
022228
010200
027202
002371
007700
010783
025110
022341
023747
019919
003663
023994
018462
022861
007540
000751
020491
023508
001912
010546
019465
026994
018133
008933
006939
002880
021569
022984
003889
016340
025499
023873
004182
009322
014512
014134
024675
012556
003315
006107
003433
025447
025796
009375
011383
001831
025263
004013
027872
007503
010785
027386
000080
021708
009192
016456
016191
015429
004694
004051
022107
002181
008208
022804
000322
002775
023562
011830
014692
003820
019233
026397
013747
000015
025397
007963
017172
012402
003181
012334
017751
015004
008625
011908
008792
002220
026955
012110
001324
009557
016930
019783
022398
011283
013357
006520
020684
012132
022755
000008
017595
010560
026963
026234
009961
008487
020386
026074
017474
024529
010105
017921
004583
004372
018296
009645
019407
004004
021297
000470
008237
015788
009733
016337
007435
000463
010086
012716
003693
009621
012815
017821
004916
023592
001619
011529
026211
008056
003237
009941
021179
000132
006607
002949
015676
022000
009028
007174
021728
016063
003543
026855
001445
002676
011644
009516
000662
001670
017019
026861
024907
020715
018499
010141
022980
011603
007723
001069
020837
025675
011661
019889
010289
006659
012678
006628
010666
027054
022564
017609
014513
006669
003532
011752
008687
002830
006998
011853
011845
021745
024374
020741
021648
010451
001633
022570
022884
002433
023706
021619
003055
011652
004319
024665
007866
015066
026451
007014
003058
014938
016698
022733
025542
020980
021372
027554
023024
006389
022185
011547
025627
004059
013891
027632
011137
012038
014609
006489
000575
019578
025810
015313
002542
024181
007864
017834
017150
016114
020675
024171
006836
001715
000615
008025
017783
019725
016105
011323
023760
013480
020320
003421
002705
020739
005830
027025
000050
025307
018055
020236
017540
008574
000457
020234
012012
015580
025937
015430
002585
006070
011278
017105
017257
017226
002033
009614
018671
018574
004725
023729
016020
018083
016474
002593
020364
003255
008943
003015
018317
016187
011868
027370
000560
020217
023211
016690
014570
015831
008501
007950
012258
009286
018335
019658
026769
016329
002246
004799
015344
001656
017431
007113
024211
003184
008744
013285
016354
006775
015138
021932
013724
015547
011496
025492
026925
007906
009739
012585
019351
011567
010915
008723
025577
023606
004824
012142
010867
013803
013135
027555
026975
023685
024157
021671
016509
023684
016867
019484
000908
001925
002675
015365
027504
003651
010420
011516
013765
000312
027903
023459
020610
014024
019654
025089
022660
009533
006371
026613
025375
000046
005676
013429
002704
023672
011543
014345
008046
023530
010493
025261
004401
018340
022164
022968
001236
018413
014922
004159
020111
023102
022610
027798
023360
018792
027348
004326
008285
027523
026093
026881
020709
014196
015292
025165
024231
013174
020501
007330
012242
016308
017985
004553
014434
005786
004844
013800
023045
001872
027128
012016
003654
022404
010715
014157
001548
020882
023718
003434
012782
017546
013107
015388
017732
008301
023677
015962
002215
000045
025925
005467
017947
016712
014174
023619
027190
013752
026758
001795
000099
022173
019460
005439
006868
005340
027307
008600
013399
025773
004656
007272
003783
013763
013483
007738
004891
026910
000164
005111
023641
005856
000446
017437
002108
019512
007186
000194
016875
011763
007909
014544
006901
007302
016196
003643
011779
011507
024690
027889
022970
020035
022075
016010
015520
000887
006110
012898
021071
011654
022220
010527
007560
001398
000920
020923
018527
020621
007070
003302
015120
018294
027001
018096
004928
006876
025275
014273
005323
015508
020989
024778
010476
012646
005197
016675
005552
003307
011288
001297
016210
023912
010669
013122
006610
026904
014944
018304
023256
009403
015603
024621
019709
002168
013447
023485
023462
026521
019784
013202
007501
012618
001078
011822
011673
008038
025257
016734
017823
010292
018232
005308
015293
026478
020106
028034
008567
015551
006657
025195
024617
024239
003111
004233
021239
027125
011470
005471
010069
004537
001608
003692
022041
002568
019605
018102
017856
013999
015716
007165
022213
016160
022480
009214
000010
007180
014562
026670
002390
013692
017531
010191
011878
007979
021807
017956
013627
008329
012965
000081
005836
013761
010718
005257
027092
013278
013919
012748
027688
005704
021150
006509
012176
003800
003563
001258
004761
002926
005709
025723
001823
012904
011482
010167
012320
016009
009419
027863
006434
001582
005235
001849
015910
003727
021841
009064
021940
005210
021933
026602
019139
004644
015505
021189
022246
024177
009763
018136
003084
020123
018506
010155
004365
013398
000867
018380
019299
027484
019404
018475
017145
021612
021098
015731
019157
008830
012150
009168
027815
016742
017577
023682
002423
004594
002338
024584
014141
022683
011518
022473
022742
000636
011125
023203
014249
024583
012288
013742
001567
027450
020609
008169
017594
003584
017748
006949
013037
022069
021258
007279
000089
013711
003941
025272
017085
000888
011596
017160
023963
027096
019428
010547
002295
000872
023318
015941
018142
010760
015503
008155
012106
017726
025872
011972
020650
026046
014656
008495
011871
009418
017906
025454
024989
013476
005311
016513
020194
020239
015658
001546
005038
007116
004002
016432
001330
016364
010662
022933
018425
018041
013463
008162
022925
022212
013732
005669
012563
026406
004913
024313
022658
024280
020703
003778
012553
008685
015475
012330
003090
006263
018215
013472
010814
023941
005186
014702
000665
000307
009207
000226
008385
026061
011347
017400
005080
005427
008877
016381
015431
022359
027527
004969
025047
010840
001581
021401
005981
024807
019775
013316
008233
011054
004375
011674
013064
019641
021541
011027
026873
012756
017901
012045
005337
009174
001977
017876
012983
014016
023077
012083
024906
025377
014802
017118
022550
009483
024698
012017
010384
024623
015082
004130
011820
002381
009091
006285
009725
027933
027928
021785
003173
020206
022437
006314
000103
011335
022561
010902
024602
010770
024749
004194
002618
018984
000570
024631
018405
012032
019730
023671
027331
002899
014600
025000
017014
028028
024005
009749
020127
024118
011839
015486
019570
003429
027052
023285
022507
020693
006842
006040
017421
005702
016506
025894
000106
027759
016426
016725
012826
006362
003665
011228
017712
009507
003309
001692
012415
016213
024396
003896
004665
007856
000705
027923
007264
014347
022982
005160
023752
004003
011832
020356
020918
007930
010834
020883
021968
009324
007449
017664
026453
027686
007337
011062
002474
008221
001534
020988
016846
006445
022540
024914
000616
009504
011988
020722
012866
014264
009422
011934
003416
001283
003232
005418
008756
000632
020795
025509
025855
010739
024606
021701
014268
005967
025903
003138
014548
008206
002779
008942
014955
002648
026346
022827
005183
026524
026004
002110
027149
003550
013156
013507
023092
006837
022679
013949
020196
023996
000413
002309
025197
018022
025552
019053
027932
024467
024645
000487
024734
027411
011998
018686
005097
014537
018891
007508
015873
001169
009232
002523
010315
009235
010318
002761
002852
003423
008281
008582
001614
012075
002774
020144
022890
001928
014297
002850
019412
024791
008806
017056
014082
021966
001626
023581
005538
009885
014912
007398
009692
022416
017658
020954
014321
016938
018435
002118
011928
020478
008124
026572
017188
014641
009045
010641
022002
008051
004073
002524
001535
010410
011083
023602
020074
019509
022370
009301
024843
004506
008734
000657
004062
027002
001408
023817
005293
019293
024882
010730
008311
013922
010929
018892
021953
023794
015859
020472
002488
003785
023039
006403
007156
010768
018729
005010
020223
001677
007999
027222
014571
009974
020948
006438
005884
026620
027900
027880
023764
025554
012412
024438
022268
012879
016415
025494
026402
006487
009184
023226
015754
013164
011120
020453
014193
001538
019184
009477
027248
027120
007676
027203
021200
006920
020891
004266
019284
016768
008591
011681
009231
006503
024398
023364
024103
002178
019613
016099
004109
008313
001142
017067
016449
010453
011071
013086
008334
018217
027124
005504
011777
006133
026764
001180
008463
016054
006620
008787
023897
005394
011303
011535
024113
007755
009277
004796
017578
021750
021174
016304
007526
002668
012712
012465
000353
028001
012187
013587
005781
017397
023730
007722
026594
027472
015003
024525
027748
022342
007484
020173
022160
020447
014660
017756
005476
026445
021720
005917
020390
005017
007689
026971
001681
008682
021768
026035
001153
023544
015860
027317
021577
025156
022672
018480
023363
021866
024469
002600
026916
023250
012804
007009
010006
026248
024471
023480
012391
026575
003666
012103
002232
015842
002243
005193
007697
009962
017344
003034
012274
017292
026454
027510
014689
005780
026305
005389
025881
000502
014970
010430
010121
001178
014341
000532
005543
017618
011157
011753
001843
013067
006609
020342
016202
016157
014643
025486
014042
011709
006203
004550
025208
021144
005619
001315
008094
000056
010108
012251
006774
012473
015378
004745
011764
021767
013881
021225
002514
013366
009506
001621
025404
002375
013110
021063
016552
013148
015182
008804
020952
024097
009824
013841
010866
028067
014651
012952
002070
001888
026414
007083
003169
027925
024220
026460
013010
000684
001840
024349
018697
016096
013375
011384
004674
028055
014292
016244
009432
012629
002849
028002
023053
011625
014996
024540
024771
022528
027448
006390
012227
013517
023725
010134
007514
011742
010639
012505
011243
002776
011090
016544
013714
005357
018212
016648
024274
013579
005859
011057
003739
018498
015437
005610
027014
019411
020177
011327
009378
005742
002657
019754
005485
027287
005551
025813
019902
017303
025148
026729
013533
003317
026007
011305
003210
022257
017922
021361
004475
019103
013872
012167
027707
020586
010675
022125
007158
024952
007361
006873
006938
016397
022646
019749
025559
009642
022040
017283
016691
026200
027587
013616
006176
013654
003068
009990
024350
022712
018121
019972
008312
020054
024563
003413
008235
019910
023624
010173
011233
025793
011959
003933
017083
009212
003337
027179
008785
003348
020935
007498
010094
017461
012727
025396
001536
021811
023804
018832
016081
000507
024506
005803
024852
008095
004533
008655
022781
018954
025885
011781
005591
018654
007402
012398
013165
002045
002998
017824
025532
015281
007088
011042
001612
023365
001964
025471
010680
024208
025069
013863
011023
021537
011538
002841
017548
026790
006416
001760
011656
010843
011191
002075
007268
009220
027244
017896
001637
025977
026466
012534
024633
010050
027704
019793
024476
007265
012336
005868
023006
005367
025748
019079
022177
001900
027433
004304
023744
002908
000990
026042
005885
017616
027200
002579
009068
021897
000704
000578
018412
007085
008194
007251
019421
006186
011712
004714
022652
016811
023125
005298
007719
016953
001375
005032
024869
010450
014605
022525
015413
006129
022261
010264
004534
014828
000938
009307
007148
025254
000652
018003
011584
014563
004085
009973
027204
015874
023757
013865
000366
009881
002898
026588
008350
008537
023381
020017
003827
026834
024885
025970
004541
010400
019388
026767
018071
009625
013718
019985
015926
002036
007231
000613
008758
000537
012429
016878
004366
025736
015453
006419
020178
020412
004956
009505
022406
013837
013829
019344
003582
019060
001916
007374
011586
004921
001858
023813
012243
022647
012355
015355
013066
000973
010118
027489
019200
004543
026217
008016
014386
024322
001622
007943
024285
014918
007053
008948
015771
000376
000921
027540
003843
000027
014679
000171
018011
000724
024878
000714
024547
024348
026723
021134
023656
006294
004195
008755
017313
005104
013071
021328
016263
002365
019453
001326
023910
006289
012156
018704
026368
021022
004637
012884
000138
019016
019831
027368
005937
000668
024496
006470
008088
001667
015970
013713
020851
007060
002275
027989
005050
014743
020473
017662
019992
004190
003695
012154
008059
001143
004138
023992
004983
016781
012120
011790
027206
004351
001744
003575
016382
019249
025912
027083
009873
010365
023303
016247
009542
001174
006386
006645
005196
003113
003464
015660
014295
020479
022902
023713
016958
025539
004978
014797
014941
027288
019435
013012
027177
004575
008680
012257
006315
012699
008899
005462
026647
020322
027811
027907
002904
015253
002285
001712
025770
019427
004441
004346
027678
005280
011553
003990
000981
011580
018344
023563
004106
006855
008793
020721
010764
009393
018045
019508
009112
020544
012269
014765
012410
007407
004323
023187
016012
026224
013124
008080
000891
024913
025677
020394
002248
017633
027511
006200
006443
011489
000381
014420
010600
024342
014350
012484
012834
016934
016757
017703
013564
004210
020338
027055
024137
002855
002451
013609
027325
001498
013894
008595
005923
014246
009330
015636
011200
022920
015150
004718
006550
010740
003106
002786
015383
002104
016979
026495
005717
013018
001666
024692
003146
004077
016515
014232
022907
027286
002230
002848
027671
024669
024086
017021
000931
003130
021413
020037
008923
015367
019047
014378
017404
002403
011979
017654
021039
022439
004739
003771
016536
012340
027373
026661
018392
003957
020000
006007
026328
002334
025337
016152
022348
024640
014999
013629
013603
009209
025836
012058
003447
022170
014982
025084
019830
001291
017715
017652
022836
015588
026116
022162
026551
027399
005059
008829
027132
025827
004116
024364
026530
005874
000109
019186
014856
023917
005121
014748
009409
019158
002757
026284
009930
001043
010282
020623
020815
003854
010345
017714
000869
007027
019612
016433
003430
018587
026258
027082
012328
008358
011360
017506
015290
017583
012719
014186
013351
013548
004392
002674
003737
023005
027400
012939
023500
024788
004726
022248
016079
019935
006015
013776
003170
016718
022850
017184
007436
022492
024271
015351
016256
018977
018087
009108
001987
002006
004816
001780
014220
012671
024434
009983
022478
008336
017065
018251
020733
011012
016237
004587
011192
019832
007134
018641
023009
019770
008617
016185
018782
026645
006772
021888
001821
027197
014968
025440
024166
024776
004976
014221
009835
000739
012337
002253
015036
026787
006205
015883
023446
023263
007047
022302
021665
018236
019869
013304
026893
023532
008457
023110
017744
002771
006684
014459
014787
014170
024854
019289
003398
023623
018068
013220
024581
002395
007306
023959
021008
006500
018020
006309
005785
008229
006414
004335
021563
017195
019532
008405
008049
007982
022509
007094
003576
013052
001741
001054
005644
006840
008833
010190
022120
016276
014099
001572
023665
009940
016944
010497
012118
015504
022876
017786
028043
008581
002146
013049
002531
017364
007493
002557
021009
025803
019130
025049
010579
016192
002484
008066
001882
005065
024366
015723
011771
025760
014850
027538
017537
001399
011245
016230
013582
019309
012236
018737
007259
004492
004177
016895
023633
008599
020213
015919
024511
000707
020028
027257
015371
007994
003438
021681
006725
012798
016274
008470
026114
023453
009070
018101
019206
008872
007644
024898
004463
021432
009420
004881
003847
017983
002139
025339
023384
026933
000065
002312
018854
001121
013355
003733
000282
013149
000068
000454
001368
000086
016365
027848
006239
003773
014811
014349
019533
015330
003252
017153
005450
027606
001639
005388
012569
015222
011429
013078
024315
012342
003789
001698
024701
025615
003048
024798
022018
013486
001580
009912
001596
026096
022554
018529
020209
021697
026157
013569
009975
005549
000415
002592
012744
010320
000866
000846
026611
021442
000893
010703
012042
024954
008245
020563
022645
015662
008354
003805
000757
022049
014168
023868
009890
021023
020565
005870
014837
010907
007629
019401
018061
008651
004269
008898
003751
017418
021356
002133
019930
024311
015929
005797
027170
022057
006279
016278
002735
014320
012321
022314
003735
025665
000564
023743
009854
024814
007281
013171
012535
003234
005945
002570
005510
000357
002584
026448
019100
004117
004870
015936
013193
026540
013095
021688
023810
009612
021696
027153
001522
008399
006042
017449
024187
020579
015653
011592
019513
023013
004897
013245
009526
013791
014809
009628
028120
007815
007910
011258
018736
009283
020158
026889
027080
006469
001413
019025
007124
015441
000715
020159
018390
006934
002666
013241
017445
008331
021302
027221
009478
009268
011297
019398
007720
005441
014165
016546
000354
027595
017276
005436
010131
011321
025364
013328
008705
014209
006140
017665
010745
024993
007175
022414
002883
027733
010595
012353
007362
006624
008048
015832
023378
027425
016129
005090
005205
015541
024408
019712
026196
024605
014703
005423
019026
027243
007882
014179
015265
016335
018628
018919
016258
006767
007610
017645
021614
015923
024301
008664
003481
027218
021947
001099
018972
015301
020099
012050
007318
001564
015745
016209
023932
002072
023123
015937
016165
023416
027397
015108
004597
001346
008295
027410
002678
017666
007170
012538
007656
002736
012774
020802
017660
016345
018539
011425
013368
017248
007494
013036
023094
007021
021930
009078
012021
027501
014977
013624
006708
009075
019364
018422
026877
024170
014792
014004
006490
027414
027668
013446
017356
002154
019154
023368
022726
018717
021632
002680
019537
005175
028125
011590
009156
000165
007144
002131
007028
001496
005581
025927
002393
008211
009573
010742
025589
009537
014657
011298
011562
022846
004270
016252
010677
025270
005089
026264
021038
004647
019723
007896
024681
001645
007274
023129
000782
001845
027519
013017
010931
016888
014323
027835
022774
010541
007928
001341
006216
022211
002617
021276
025691
026640
005312
025273
002106
010358
014005
022654
012495
007377
015664
025914
022996
000690
023028
014789
022131
006535
025635
017700
028105
025291
007729
005374
007333
004303
013260
013352
018614
003845
009487
027816
012979
005218
021180
011840
020255
003390
015956
013231
004959
011376
014855
007623
004750
011734
027406
003791
008287
019383
023264
026152
008491
006093
011744
011582
012436
006697
008458
000240
006064
010975
020013
028079
016820
007740
004008
007978
014154
013960
020830
004144
023556
006092
010022
023937
013179
020924
016605
008925
022875
024445
023683
018029
020164
023431
002155
002016
016348
012789
003724
000624
020161
020941
021354
003876
007993
023518
000918
025199
003968
018269
006664
025763
013887
021464
000101
008692
026860
022309
015257
023206
023247
008175
024515
020632
025481
008427
012619
015988
014830
015966
018834
011696
001260
016784
020674
008703
005630
021926
025995
003057
019393
013784
005198
016141
011368
021170
011021
017855
019280
009194
019877
007459
002086
021555
016404
024787
012152
025346
010182
001838
005368
019769
001759
019314
022611
006668
004455
002397
016124
009193
023675
010107
002811
004498
026674
008054
006031
012335
023176
003087
013945
025739
025575
024043
001265
018017
000278
011268
026225
009225
017560
005556
026940
023915
024962
025909
027946
000773
008517
018387
027533
003258
020771
000097
013954
015615
007320
018505
000072
013907
009607
012934
001477
019820
024836
016826
003723
002695
008698
012010
006032
027611
018077
000412
016522
013804
008709
027512
010779
019479
004020
017408
016918
020170
011396
027363
022694
000380
025860
000865
008884
011952
015764
010911
011132
019444
001253
005802
003495
003349
018757
021142
012814
001425
016570
018369
003328
013281
004607
004831
010800
008577
005380
014753
019904
027882
012918
025854
012953
003971
018979
013200
012520
026518
006588
024797
011526
015247
000403
001036
020374
022681
001685
021463
026751
008090
007394
017447
010552
003634
002323
006499
012439
019114
027039
008498
009311
018350
019705
002591
024590
015519
016286
004702
025403
000526
020498
009562
006807
006878
000173
010455
002765
027355
001073
009208
024626
008844
025388
024054
016307
004080
012502
009789
013354
013042
005502
012583
011404
027974
027330
018297
007554
015779
000789
009290
017069
015191
021504
017685
024454
005363
004574
017051
005132
016998
003874
008938
012149
019702
022200
004105
016344
010343
003741
018535
016091
012592
003240
021863
016919
023984
012582
003342
010574
001923
026984
016957
026668
004919
008649
025473
009441
023721
003544
003214
005604
009687
010065
016660
015334
014779
022878
015195
005583
000398
015011
015037
026261
025426
017466
026345
011224
024768
012821
002890
027656
001004
007899
021675
017086
013968
018839
003325
013111
021108
002834
001854
021624
016740
022267
022951
015327
026271
005094
012043
016166
009664
015194
023808
025989
014764
008182
009037
024977
003281
018605
021420
022831
018033
017020
020080
008590
008431
022515
002302
004521
003339
028096
014595
017532
006917
023621
009993
007822
021973
019136
013290
013790
005093
024378
027114
014189
002812
019039
014673
010327
014335
020006
010396
008503
015856
020079
020796
026323
000330
019445
000073
025597
024870
004704
000733
019175
026706
006182
018674
025331
008135
016266
015023
009385
015564
019932
016300
007585
002505
016829
009689
011141
007702
026807
004255
021669
013097
001108
000915
021986
000940
002572
004377
002703
012259
017428
023890
024122
007382
006044
021169
027940
012287
016569
027999
009046
018763
001769
003872
015272
015439
002123
022582
026783
015401
004526
014018
008239
001230
022381
011173
012613
008293
009622
005277
013773
021319
015302
022639
016143
000410
010630
010807
008522
010919
007479
014972
001939
015762
021761
025826
008291
019478
013315
015477
003386
026251
023708
015169
007068
018299
005837
022457
011578
017769
013669
027403
003427
001092
014936
025761
013964
013942
021326
001356
016897
026444
014663
012112
006606
027402
012333
003319
000167
009590
005302
006349
001251
022892
024029
025686
012713
014506
006630
007970
017773
001688
017429
000358
027968
003207
021916
021371
019273
007211
023635
002358
014966
006951
022860
020614
006161
020426
001694
024591
005019
020450
003684
014504
002689
008242
024372
021565
013552
008710
024038
002928
012530
025870
027679
020535
012693
014885
000395
005154
017998
016363
020220
019967
008262
023714
011156
003591
024608
008932
015474
000411
014474
011682
001010
002079
004600
006890
012153
001135
001811
000120
004502
027392
017328
013203
006343
004710
003289
024624
008628
020252
021167
023731
006106
015052
026492
006423
025609
003667
018631
027515
014730
024959
015244
006646
027556
019739
014450
021492
020392
005864
025652
019651
022214
023741
025729
026052
023390
000664
014637
026038
018378
006549
024259
021447
016972
012955
021425
005851
007538
017735
015273
008222
018394
025774
004782
015047
026742
002143
007627
009350
009173
022092
009936
024714
018629
027344
007588
001718
027148
022635
010125
008148
023103
025017
010979
001765
026440
000341
026520
006059
005561
021915
001955
020383
002030
000433
018643
027090
018533
003539
013985
005117
001636
014931
020329
019266
006435
022556
018607
003382
000370
010247
004741
015096
016951
004215
002843
028051
027919
027664
010361
026657
023493
007628
021220
003497
004362
014501
023184
012711
000637
010019
006449
002894
015081
002054
014960
026486
018069
017261
025003
013635
012418
017495
026722
014226
013851
013370
002164
007341
010230
010097
009335
002291
003554
024838
004273
004332
016879
016845
016983
013027
023398
010772
005921
020482
010012
011144
026596
008068
010175
002418
010889
026717
006412
016667
011095
011158
014989
004885
005681
026426
026367
008000
016036
016494
008746
001961
014728
018048
008052
023076
022007
012294
018066
015997
014339
000429
027653
018556
025655
019857
000528
002986
027346
023854
017439
008355
009389
013740
022115
005593
007960
024810
005873
014332
022935
023465
014327
014905
006055
027755
009354
000456
004465
010123
003282
025150
011948
010293
007767
026301
001526
025792
006158
026638
005159
016134
017911
004943
009164
017600
007491
025656
012988
027000
020872
024164
004619
010169
010735
013055
004350
019376
028048
022244
013257
013924
013864
007387
009009
022903
004252
027398
002032
023048
012914
004174
001266
007432
003612
028060
013388
005225
018379
022723
023194
026081
025659
024265
002415
019934
027265
021644
014049
004827
002407
005876
025606
000373
024775
006701
013708
019180
026136
014199
024269
009721
017499
014665
010305
021613
004749
008400
010377
026731
022290
021938
009998
006916
018147
008079
004145
010832
018734
009851
020229
012937
022944
009371
001024
018214
026293
007735
010937
008163
027316
019876
005820
013128
005924
021002
012531
011665
025336
020443
021224
002497
005875
003100
017886
014061
017514
004994
018856
004723
013141
002905
013699
002836
015700
006002
024344
003432
026985
009684
014394
015333
004501
026342
003199
010898
007203
007679
021390
028077
004899
010923
010174
007529
013816
004832
016624
027491
022258
022538
009857
009474
007349
012522
024064
017526
018209
019015
011733
026809
027537
018169
014333
015209
012659
002950
013658
005085
011037
023322
008126
015074
013373
026650
014455
020373
022264
005244
014826
012558
005700
017763
022301
017366
027075
007057
019048
007334
016057
003387
020647
013926
000496
011436
014181
007299
009172
012229
003143
021205
006663
004843
007020
005482
027676
026373
001093
015581
020915
016073
016755
019962
015930
020664
003946
010014
000344
015454
017881
015538
019330
022450
000748
009001
022571
008873
021589
017070
016388
020685
004697
005974
016169
024789
025879
011107
003556
016400
013959
009017
001832
010953
026032
020514
027781
026935
016616
008490
012906
004079
023366
027138
007764
010716
005792
012079
026845
019089
014940
024969
010226
020959
025516
013369
012841
002701
011147
025717
013065
012959
010357
015548
027452
003040
019051
019189
002276
018460
014401
006436
015358
015573
014030
012304
017297
020330
023415
014534
017986
027697
010958
000826
024119
008440
007572
009056
016685
003929
027195
027333
003954
014841
027465
021377
015166
006560
012984
021017
026509
014017
000829
023260
027456
008827
021883
001462
024172
010346
010360
012444
025952
000585
027901
006616
000610
022382
020843
027130
026519
020644
023469
025992
026909
005565
017672
018319
004877
020801
012360
015478
024036
000107
009771
015088
012661
024415
016430
003893
010656
017254
015463
009366
017270
003859
001708
027936
025916
003362
026713
018013
017354
023882
010761
005135
025953
000260
014928
027717
020867
009402
003849
025187
021851
026068
013190
021079
025661
015622
016170
021517
008180
010496
024929
011886
007176
026132
016016
013524
004168
020299
013738
020444
011862
010774
003631
005477
000325
026362
017227
024014
013306
023081
005091
011223
016131
007944
020783
015922
008676
027334
006344
024731
004614
026506
015972
002818
016890
020860
013204
001574
018823
026465
000894
015113
019559
006557
022047
021277
017968
027278
012247
019084
002699
020724
010542
003257
020303
023786
009241
003740
007592
015029
010164
009293
008523
017084
018058
003942
013053
027794
015925
017155
027012
025249
012460
004859
000249
009400
011772
026816
008368
010644
024518
019677
013338
006163
008340
011721
008686
010895
007386
015904
012605
002794
013492
022677
010158
018221
000912
022362
021469
025370
019226
021178
003648
001294
016751
000125
009775
015909
012433
011340
010670
018361
002237
002065
018749
008611
015879
020938
013560
009968
002764
025439
024747
008191
026643
021543
020933
000738
024020
009493
022879
005656
002017
022035
027808
013417
003441
017476
003828
014429
014917
010736
018491
008740
002223
012722
011522
012806
027478
002944
004097
025825
002385
020687
026968
026156
004540
017661
021076
024147
017730
024132
008120
011149
013733
005832
018341
022963
018030
009921
000233
018219
018545
016857
008945
027438
006012
016709
024450
012283
019828
016711
011662
010891
007519
006313
007384
005101
017736
011387
018364
012691
016078
009561
023949
023976
002481
022624
018779
027382
013801
020083
002927
025690
019551
027470
011431
004683
003484
022441
020920
021590
021471
024723
009134
010491
000631
005062
017370
017455
019247
011382
020999
001960
006420
006906
026952
025936
000243
024209
021560
014379
018514
011292
013113
007025
019010
006447
006146
024892
020172
005988
015268
007184
003460
012559
018888
001040
021217
025416
020567
021114
006236
012108
003881
024169
012812
004915
011838
018165
027985
006597
012765
004246
012761
023697
018318
006736
019973
012039
008265
020825
002645
002029
027819
014957
016246
021606
020792
016576
007347
001358
021096
003407
010423
014098
027477
003156
012818
001643
022082
007335
017407
027830
022666
025781
024193
027972
007475
025520
014022
028012
020348
022852
018877
001988
017806
003955
026467
020575
015122
005092
014881
022651
012547
004949
016346
007413
014815
023611
010626
012847
023382
005902
023383
026830
007570
009852
008901
019646
011854
027236
003801
005626
004458
008513
020097
003923
007612
004222
020121
003498
015884
018978
021374
003165
013187
011912
006127
011433
026848
014833
022606
026436
023775
024579
003297
025719
011300
025759
025113
027871
002169
002810
005328
021204
008401
013134
015135
014945
007505
021394
020945
010144
018899
008981
024910
010970
007834
013025
014859
018439
007945
014745
008348
008388
021123
002667
020645
004166
022055
005371
025243
007092
015798
016072
027361
008713
025234
016058
013099
021659
001807
023116
020778
007967
015175
010501
024034
018028
005147
009175
016900
001674
016361
013380
018086
002073
000916
010982
011722
005550
018233
004801
021757
016583
007319
010328
001781
009937
025163
019535
022626
002239
026716
020643
012890
027185
018490
026365
013011
006137
001440
026419
002056
020477
024145
004636
010623
009334
005386
012114
020016
025372
021500
011168
011175
007556
005732
023908
014071
019989
020259
009972
008855
021255
010933
008086
025841
010877
001179
011348
012766
024752
022614
024636
026917
016866
016631
001276
004880
020745
007069
001835
021158
022447
024505
023931
012588
022392
002377
006037
025014
011994
009327
005131
008156
008863
000458
021547
018589
026589
022452
000319
002040
017249
005125
025048
023527
009195
005179
021436
005633
012508
024062
016444
011747
009343
025067
011899
007962
027035
006156
016321
024133
025313
020753
018200
022749
012146
016836
010753
018600
018989
012249
024822
014564
013321
028021
023679
022054
009374
026119
017040
007223
011359
021840
023907
022163
000200
005254
018130
013978
018177
023879
014383
002269
002210
009254
013201
000378
007855
004260
012540
000976
016759
023692
010809
003494
027013
015177
010003
024383
010287
003375
023694
014852
024873
016967
014151
005881
016834
010901
025918
003842
009641
027430
011313
014705
026746
002464
000858
000017
022036
012193
020332
013349
012419
023289
007775
014538
026951
003182
014592
027308
000075
027834
010257
008874
002439
021741
016656
022782
016980
021192
024672
009329
026784
016277
003217
005828
027945
007870
016220
022747
024405
013797
018437
010710
003725
007859
015483
008133
004927
027022
026996
016514
019119
018915
025607
016537
017055
019487
014886
014418
014057
008477
027040
000133
007622
016941
004720
024574
011257
020921
010849
024578
008369
016606
025301
022029
025102
018246
009970
024417
024784
001461
022558
006730
008919
020947
001333
006889
002099
005055
019721
020398
017684
012177
015308
025644
019305
011056
003108
008870
025982
000548
018278
025463
011980
022581
018913
009778
017450
006976
004864
014256
008342
007771
016069
001191
004212
023990
023531
022122
011328
005666
023881
004058
003268
004808
013975
013387
018156
009315
004901
019164
005319
023230
010029
023166
011114
004577
012423
020826
006999
020324
022565
018927
019665
006750
005858
002911
012447
004653
004513
014296
001361
004589
020878
022429
015932
010731
016925
013889
018929
004938
004219
014206
024300
024849
014655
026020
018810
002219
014738
019346
001225
006114
020181
006160
021137
015315
021903
020631
016207
009832
003004
001690
024159
007058
015607
003934
021653
019616
012216
020434
003152
006022
002102
023343
016847
027229
010746
020613
021931
025531
026536
019378
006833
000752
023769
027655
010240
009585
005653
021197
008007
015204
006536
002257
003215
016186
004234
025790
023486
020779
011473
018861
003973
006594
013982
007240
022739
027378
006020
018621
017853
025101
003623
005156
004249
007988
008236
005989
013572
019958
017621
024918
017031
027574
001948
024792
009203
000438
008757
026534
025206
003313
014757
024528
009530
027208
013534
020423
006192
000039
020500
023352
022901
004232
011931
012271
012399
018957
027415
011346
002873
015489
010853
026634
022987
026143
022943
027984
007218
017722
017698
004569
011293
005910
020936
001738
009296
006317
002719
001243
017108
004229
004091
020245
024709
005057
011639
024126
010446
001338
014009
006742
012780
015638
009903
015597
003938
027483
010987
024720
000823
023913
015765
027624
003826
023798
018761
017553
016231
020927
008857
000071
005769
003486
018213
011287
015039
024677
019894
013320
016349
000316
009114
026124
022412
004384
003393
024207
003551
024781
012807
002058
003292
009032
026603
018356
006083
016360
013722
028035
021943
009111
000178
002462
006105
004015
022825
022692
021557
006770
001227
000791
002738
000759
015336
014860
014293
016496
025008
024047
026664
005487
027616
003930
011508
017873
000746
021118
024513
007835
017305
019001
001444
021385
002605
011869
001220
006692
018603
017788
000327
007065
002639
025297
020865
027875
013879
001192
010254
001989
010268
016719
002741
000037
014876
013379
019697
001509
022022
009331
009960
010665
004679
005419
024284
022548
006024
026801
001993
016437
007142
007980
021974
011823
014772
005208
019543
021815
020250
005270
025056
004293
012966
015502
000431
019402
010398
006275
018726
027098
006462
009513
022680
027693
007543
000304
001252
008423
021836
027249
000069
026813
016314
003079
018477
019433
008472
027621
024616
023329
010788
008906
014413
025466
020455
000621
016602
016172
021941
017784
027322
019408
019162
001861
011558
011302
000012
006409
019762
025444
008225
001281
008123
025079
011593
017696
024402
017126
008556
017336
025563
003224
002035
025330
023410
002389
013236
019978
006682
022102
014390
010588
022324
006691
007555
015428
003833
008197
019032
001806
016720
019906
012178
004358
019229
024494
027505
012207
008699
000244
010129
003316
024031
014187
016684
003030
016733
024820
024437
026743
024143
002917
017053
001662
026735
024392
023820
023809
012628
000149
008822
003647
008184
011968
019644
003120
018179
002918
010580
011974
028044
026359
022313
003748
007352
008539
014253
004810
007262
024410
015300
011796
015051
006888
012194
005672
021213
020751
023634
013085
012486
025698
022101
012175
007317
025959
019260
010918
011591
004171
012542
010601
027219
015570
006284
025744
024380
026780
011393
001141
015230
027666
010258
026185
011643
008839
012566
023026
010316
004230
009867
002677
012645
021566
000527
020152
003749
007173
018358
026730
000471
013734
011341
009538
010903
027708
003697
006595
008274
000619
000727
001323
023379
010871
024676
008020
010606
017358
014075
017805
009816
021437
017280
013988
001310
017168
020331
009059
022750
004454
012997
016375
020789
001095
005660
011834
028031
016551
010244
006748
026582
010110
011008
018562
027314
006150
021107
014924
014447
017259
026808
008996
008072
026235
024806
012720
004257
011276
008249
016435
018902
004100
014839
002734
011506
007185
017434
003571
006418
026874
001388
004132
010161
009929
019334
024052
006431
025004
012134
020471
006737
017500
018840
026302
022864
003471
002014
016927
014588
011411
026846
018754
022294
003636
022936
023888
017396
004849
008218
001386
013237
019340
016966
002379
001015
019050
001105
001931
003479
023872
003171
000964
019895
003560
005983
025979
026316
003671
001839
008187
016158
018990
010426
019046
004391
016183
000309
022812
013079
008862
007642
005747
024461
023335
019410
026491
004608
023968
022622
015019
027181
018158
007485
013467
020438
026612
026886
021705
020821
005103
022650
021452
007985
007984
026619
016812
011703
026950
022210
008726
025016
026210
022431
025366
024088
002177
024111
001214
007594
007674
007244
002498
013069
022292
006523
021020
024479
005671
015511
022265
007657
008688
022293
002902
013246
012922
021622
026752
007824
006746
009444
007602
014129
020618
022575
017457
024795
024139
001573
003841
003103
024985
013302
025001
021909
008395
010701
020457
012835
001156
007933
012611
009879
013602
000111
020345
026914
014598
025390
011945
010132
003964
025585
020336
020604
027342
014631
022497
016035
015733
008563
001163
017629
020677
022098
008376
019192
001711
027159
026987
009488
006822
016988
014642
026249
017252
025077
025588
026929
005359
010083
025735
022099
020171
000329
012967
028029
003832
025118
022627
011942
004333
012430
008570
021731
004282
021466
021710
010339
008749
018063
027892
014067
027788
026700
021627
006634
002010
021582
022093
006341
024522
013770
001848
025198
003005
024358
020640
014976
000949
007611
010333
008360
000147
017775
012397
027740
000838
008104
024264
012483
000974
017626
005969
014073
018064
008549
021370
007248
002999
017015
006603
014500
009228
023596
019134
017898
017880
012860
022129
021016
021000
007359
018194
000300
013604
020282
012327
022346
027580
004906
005167
016507
020786
023702
018026
006473
015753
006118
007891
015403
014122
017490
021129
011113
022500
019735
017383
008304
018323
003806
020344
025657
003600
007012
004397
025178
006026
002791
023607
006174
016352
003533
004129
017401
025650
016098
006073
011645
011421
000681
010376
016992
012929
017746
005939
006864
011577
023434
001005
025828
026144
013623
011050
017507
021106
006662
012734
008886
026421
013127
012853
006463
027953
008814
020886
006728
007951
013409
003123
023922
025161
005584
010101
022665
006415
018488
026776
025028
010031
003602
027467
014747
024936
017152
009414
010149
002284
013115
023269
014337
018815
002321
019172
007750
006407
026533
005321
011167
020532
007439
017494
005724
021175
022756
005815
017491
018769
017602
012840
016806
016588
001170
020288
001473
025618
010208
016651
007924
023408
023128
017081
023334
015841
012077
025229
016824
008834
015781
019191
005996
009980
009153
021816
020702
027223
006385
007956
013723
012545
010556
013454
003222
012346
010824
011523
005136
018873
017935
015797
022329
005617
013578
001559
007564
003129
002758
024386
003542
007603
005521
018740
004781
006631
010278
011564
014898
001739
011310
016758
018434
021072
011154
000163
002940
006217
011066
015516
017842
015714
011401
007468
015095
010311
024217
000996
002559
021628
021026
009006
016650
027364
021585
020827
021854
002656
024256
005643
002649
004156
023258
006834
004283
017586
020862
013686
021789
027318
001077
006982
007545
012230
012800
013744
001332
010084
022704
015141
013844
015600
011320
025921
016319
025753
021081
003907
003829
014407
017547
016693
020222
008103
021166
025785
007444
019153
015902
027665
012209
018590
004427
009984
015593
006797
013859
024587
017804
008610
014798
016977
018676
019974
002762
012515
007152
008439
012763
015307
012331
007938
022446
012562
019472
019823
017137
016421
005765
015178
000919
026390
003834
018642
014180
002817
023645
000419
024799
028081
007256
001109
025778
005024
010828
009977
025533
003685
027028
017001
013861
007661
003777
015226
012124
006052
012396
026622
017970
019983
009856
014539
008018
026798
026564
018868
017535
015808
015895
009602
004030
026667
023085
020605
027797
008615
014979
017695
013216
020852
013890
023262
018005
023892
027852
012564
005505
026648
017718
008361
009060
007074
006482
010151
014111
013867
020372
015518
018811
003714
001996
024273
023669
021895
008849
000020
000169
002766
024004
021161
009630
027681
011100
011951
022401
013133
010827
016538
025869
024179
017301
017206
010637
023667
005548
019564
027675
027335
027006
004931
014927
020056
013545
021415
024599
015200
019926
006824
017043
009484
016211
020629
017349
024894
025071
010539
007762
016475
019774
011904
025997
009556
013933
022136
022312
015557
013509
019128
015110
017241
027247
012428
018582
000359
006228
004421
019952
005383
023928
002886
001820
024644
003974
003371
026169
003448
002272
000139
020527
014652
000049
000271
006145
014807
020189
011605
024663
025923
000328
009550
019006
023933
024012
027672
000588
002280
009679
013638
017738
021514
006273
002686
002422
017314
015271
015978
011755
002923
006444
015785
008449
008142
004088
016480
016418
021872
001675
008904
019386
013232
004373
005396
010196
008939
002396
008930
012941
002174
008767
017128
015433
014895
010713
000600
025469
000488
014771
005938
027990
001583
027995
020523
006874
018186
001329
027562
021955
011524
005064
008496
018164
001485
014443
019874
017209
004047
025062
015681
015555
007499
026431
022618
011419
016542
000014
006744
019450
024774
023157
022489
009837
021387
000468
017347
015381
013691
024357
023561
019694
023925
023519
005029
020964
020756
004310
021965
017777
024766
007666
000594
004977
025476
008980
026555
019875
002124
000966
025738
005970
023147
003719
002207
023746
019146
003401
023920
002952
025768
027951
017229
011103
008261
000641
002414
019057
008759
020090
005180
022330
023492
015578
000267
015210
008195
020446
015376
021203
007586
021426
004960
021359
003284
004581
027771
026708
015127
019797
024801
026304
006224
024883
018489
010039
015006
023599
003583
000466
002846
017897
017721
003768
014507
021817
004016
001787
005833
018712
022415
007860
015562
008356
017334
000774
025265
013921
012224
025890
012777
005283
019395
011394
018274
001484
025856
023476
024661
020663
010301
026997
001606
013335
023290
022788
018088
027107
022422
009265
016492
003699
000786
007672
026334
027757
014602
027473
025194
020036
014227
024150
023811
009942
026803
024840
013428
001212
011367
026733
025115
013074
023452
008802
015078
000038
012641
011961
010971
002682
010411
018609
005051
001146
012208
026577
011984
001032
003450
008040
024859
014194
011544
022179
010044
002801
020183
021493
015027
025340
011349
025250
005772
022717
011000
007289
027947
006581
019717
005495
022086
026055
027237
009669
013523
013659
011576
024110
016564
000597
019659
015650
001563
016547
009067
011735
020298
006181
005315
000953
005993
012943
016635
012637
025283
028032
025042
004468
013169
003031
015655
009632
020759
026202
002749
010193
026711
002351
022299
026837
017625
007056
023983
027826
013558
011217
026085
021267
027117
012427
027353
015628
019294
020718
022487
018858
001337
002046
018334
010106
013928
026262
008530
027233
023435
015726
017603
002669
006740
012995
015117
015524
020092
023751
015203
023225
026095
014489
014954
019781
000460
012895
024498
001424
010910
015620
001817
027044
013647
010056
023955
003672
016822
019024
018143
003738
002326
009058
014875
008412
012432
024448
025949
010922
025620
010238
018669
015103
007457
010349
011490
012539
016235
025068
025968
025561
007431
014731
020359
015460
000161
021885
010062
027152
016173
018634
005738
013030
018865
001245
012454
013712
014709
010082
019838
023916
018905
022051
013104
009693
025868
012624
020887
025242
009909
005695
004265
004893
022965
010528
001255
022688
026953
010413
012574
025568
027281
020864
026476
016296
017504
017770
026250
001057
014520
021571
000299
017543
027273
024363
002373
013766
008476
009882
014254
018409
018985
017220
004143
000997
006530
027825
022930
004909
005796
008380
000508
020325
014739
027535
024539
028108
013556
015328
014906
020528
006465
025155
021154
022830
012762
011231
010876
018843
020897
026699
027385
026011
003816
005800
019363
007314
020583
007141
016792
021183
023799
017874
018103
000635
010231
016004
008010
025694
020996
025930
018636
016490
017106
021357
002924
019462
010214
012961
023631
024192
005224
017181
013980
016088
016996
021240
025550
001531
006152
014666
025582
016902
013826
006172
013660
026325
013348
020816
018010
001802
002182
006507
022034
022463
008319
013026
008584
020458
008460
017960
010421
025833
020133
003035
000352
021051
005168
022811
011457
007814
019878
027994
015780
002391
005748
024553
025712
000112
013358
010269
024760
015053
011595
017087
012481
011882
007625
004655
027577
000135
021226
000510
017339
024360
017966
010409
020142
011270
010128
005410
007182
013973
010695
016094
001513
026176
007269
022962
008141
016831
016048
025191
012165
012453
015357
007776
008774
006373
010479
017946
010748
025687
008982
009978
023047
008832
015582
014052
012004
013819
009949
000595
020088
007900
019086
014586
002261
022541
006711
022821
008173
016679
023678
019125
026945
016786
017273
016577
007793
012513
018939
025043
014690
010711
008769
004462
016261
020216
010478
015326
017482
019014
012098
003604
007744
005791
011269
005358
003465
020940
016429
025889
014149
027172
005274
008752
006442
014896
016821
000596
012635
018762
007660
015050
000579
021155
018541
024821
023098
023162
009924
002544
022095
013068
010875
015396
017077
018608
016483
025954
017567
006661
011324
025459
015914
021534
011097
025613
009875
021336
027094
021229
011818
013759
023143
021925
018478
020660
001350
026621
023083
027618
024613
008845
024189
016649
003764
013091
002863
013935
001288
019835
004125
024323
010098
014423
000901
006546
002456
000287
007202
005237
017319
016086
020549
016912
021924
015497
012555
005739
010140
021799
005172
020143
007304
014169
021045
010855
020956
020735
008328
019666
015585
008613
024191
010172
027594
023576
008667
002965
011188
000713
027649
003056
003943
001213
015133
000079
000843
017062
018073
021782
027769
023286
023585
023472
003114
011691
021702
017414
021949
005173
000970
006374
025491
025053
027173
020710
028093
016050
010210
013445
007997
026485
019979
009650
011046
000051
021759
015369
010079
023709
013538
018018
010989
018853
012836
014228
002622
019961
007966
022337
018672
015329
013434
000819
007863
011658
025976
014063
013421
003145
015312
003815
019306
009787
022023
012072
027565
000054
023259
016087
015803
001529
004547
026561
010199
020089
015544
025932
004494
002166
007650
010734
024658
018532
012938
025755
003662
012143
026900
018132
024554
004966
020449
024541
024680
013944
013238
020619
004744
004941
026965
022208
014650
026127
022792
010095
018983
026982
002556
023242
004147
006988
001725
000302
007192
003892
001997
024198
027432
003402
008573
017399
024046
020274
000083
008280
011723
015001
012345
011105
000124
008809
026915
023626
004491
004488
007409
008952
002577
005841
018774
018875
018123
027350
009008
014718
001115
022946
014144
009129
011370
012101
024622
010371
008465
014458
016121
026207
023753
026088
017484
010203
026246
017781
021308
022544
015931
002429
014550
004507
017194
003373
011636
027706
027774
017862
003694
026885
006281
006486
009382
023894
007782
005541
012102
000630
000980
017599
003750
015623
005155
026265
001373
013396
019375
020467
012930
014405
027095
025190
009435
022501
008602
009954
023795
002080
022855
005947
001982
000821
006452
025834
013799
011795
028114
023541
013460
008404
013167
019708
016424
024009
025863
002968
024700
003335
014304
012189
012944
014823
007546
019741
004914
023135
025152
007474
026380
016523
026644
022111
019434
001483
005083
009094
019491
011375
013103
018391
001190
012111
016104
010771
006985
006481
004018
008302
008924
013347
020490
017657
003596
022520
020582
017731
023355
009757
022367
014572
015634
005576
016285
011978
023765
028102
022236
012599
001518
015775
022549
019528
004610
023800
000122
001152
016680
010551
021996
014509
009798
006307
005003
026882
003838
014812
025574
003492
017465
017914
005488
007216
020387
013254
020950
000407
023505
001879
024526
015539
017690
022524
012426
022551
008650
021084
006183
022340
020656
027041
018196
014889
027600
002903
018517
013392
016933
026694
014011
012735
012581
019953
005347
024865
016945
024694
017854
021480
022668
001887
020678
000033
003153
010826
016385
021248
014744
016011
027694
021274
008098
019947
015398
017034
010504
027282
006538
009897
016077
024932
001962
018495
021539
022601
011728
018528
023851
004861
013855
026329
000222
016224
004198
027729
017497
001551
025112
025484
018408
012891
026372
009370
007358
010369
026349
018855
016705
010614
022949
011357
018721
022917
015848
026358
022484
001148
000935
026376
025326
014502
026979
003520
001710
000788
019580
025541
014827
023345
026811
006881
017205
020659
008911
002631
001990
020021
023784
021201
010521
004604
006065
005900
014315
021100
013138
003127
004202
019313
011973
012344
016798
025730
021923
013620
001865
012783
008347
007446
014233
011517
027752
010325
017671
019082
022058
011363
018220
011036
022339
002720
008531
002870
013540
011803
018791
017903
017836
026981
000098
014027
021408
011629
000861
018959
026045
005102
000955
019489
006057
009325
019566
008320
011760
013130
004562
006252
016805
009922
011427
005801
016708
027480
023644
018766
015667
009670
019345
018646
026738
011109
020875
025050
014566
008854
001234
013450
019245
012632
021214
020238
006877
023991
010747
004923
020153
017724
019573
009509
004380
009496
018260
007974
022188
027449
027767
009352
017275
018569
020135
024050
006996
013939
007260
017895
022490
004700
011444
000978
027133
015540
027146
024416
002967
021886
004187
026974
011765
008729
001992
003570
011439
015591
020754
013680
001754
027486
023241
003343
024433
021772
008445
017849
002547
007017
013613
017470
004629
003851
022409
008661
011935
021325
024221
019336
003233
008321
018359
024935
027520
004150
018836
009772
017747
005310
011893
013484
002796
005153
013225
009702
014294
007799
027394
010205
000744
021586
017818
017376
009915
025304
025018
019729
023732
026108
019949
001158
024808
014021
003104
025080
001777
011649
007812
015715
015145
005879
011891
006305
004238
001438
017138
014939
015028
027210
005343
019788
023209
022124
009016
017574
026315
009599
017130
002909
013802
027360
023553
019891
008639
024916
023650
009617
014003
020323
021552
006097
025896
000205
024468
014334
011204
002844
007133
010321
007048
016962
020967
021853
001166
007366
016629
015083
007671
001544
015974
004592
007583
021795
000814
005526
000501
018093
014758
026927
026642
019055
007328
019591
013780
021901
009945
011727
015946
008820
003796
019202
002084
019500
019338
006147
000896
014608
012195
012642
020889
019722
018846
006324
006171
020625
004660
009023
005474
000067
010643
009901
025274
018249
017460
011422
022471
024245
008415
021450
014668
024352
018848
007441
019342
017884
022458
006266
005081
001699
007790
008160
023906
001555
010569
014290
015710
022596
005844
024866
022725
017236
009794
012573
011035
001114
001864
024201
012210
005661
012985
004055
020637
003597
003244
004461
021871
021058
019018
013226
027412
015911
016639
015770
027941
006101
023952
013549
003312
010344
003548
004290
027961
015417
023618
024385
013920
003245
007228
018168
006151
020987
006540
002279
014981
020667
009342
002716
006319
000499
013239
012577
007121
021284
003259
020042
021468
003716
008227
024835
027488
011804
020103
011381
001025
009872
014094
009731
022003
017207
006804
023245
019108
024592
027625
006969
018428
013536
021245
024609
000559
025775
022945
005060
015612
018768
006614
007528
016984
021085
018298
016533
027420
026814
015858
017501
023109
023120
020128
003793
003468
006421
009696
024347
007836
027127
018727
019348
022840
006246
023463
014002
003760
011053
004517
024112
009554
007145
000835
011918
003449
000400
005712
013716
015760
023902
001211
025515
009589
001465
013412
019448
010156
027745
011711
021810
018958
026689
006809
018273
013612
021774
015089
011253
023270
006353
004554
019704
000481
004357
014974
021734
018575
004024
025956
016144
014961
021232
018897
011848
019745
007119
001703
018054
013559
013695
027604
001047
017933
003503
017411
022074
007811
007976
017102
005491
014360
014934
026071
017643
015102
002420
026598
027783
001907
002204
018024
019898
019575
001748
007221
006869
004436
001087
025821
020240
007399
024074
008384
015046
026268
020440
024320
001084
011308
002467
011750
002519
014161
022910
019885
020742
027758
024184
009264
022818
019090
012113
014229
005564
016113
008317
015432
011773
014843
019387
016561
015626
019815
004245
024250
022642
025083
014857
002615
022391
011800
015077
009976
018974
021818
002805
022190
007968
014549
001716
025408
009545
001282
005853
023793
015679
025669
003965
025072
003963
022233
022775
016531
002798
016696
006333
000553
007699
019909
020068
001071
011532
007263
026259
019710
023507
002092
012226
009014
020543
008257
024531
012998
008271
010671
004017
020905
018138
008058
016482
000181
008725
013581
026605
004505
001489
004288
016043
017951
009711
010916
027528
021522
021959
010473
008364
015961
026308
002235
023295
012794
006707
007952
015688
015847
002330
001414
022586
003376
018469
017299
013151
014265
008430
005454
002445
001943
026513
010271
005026
008813
008516
022927
022195
021635
017907
023333
000077
006784
011040
011967
009595
013403
005572
006511
004286
004688
013489
005957
018893
016641
013842
018333
010465
012281
023275
015743
022407
028073
013346
015018
021462
013383
012313
027485
000685
015130
013950
008781
020134
018398
004447
002655
027235
004068
002343
016248
001313
006288
020505
006256
028010
027141
026958
004691
024576
006025
022225
017352
013015
019254
003836
016790
017831
019547
006090
022555
009107
009813
016417
011076
025556
016739
016590
023483
017208
027563
007135
015698
020277
008673
005108
008533
000170
002356
025858
025668
016412
019757
014266
020104
023012
025135
003660
010729
014752
004066
004848
007424
021722
003921
006365
012317
003848
011927
015025
019809
018982
014343
004757
000305
009281
019347
026299
010060
016549
012272
027011
008958
020154
010864
002457
019353
016642
022090
011025
008429
009003
014427
014810
017004
021379
013671
004876
024296
008701
012479
018444
010786
003624
021348
026821
002661
010382
004227
012911
020642
016864
018540
007190
012425
025871
009360
016407
016813
006895
004014
026687
011896
023044
027534
002201
009266
023819
015527
002311
007389
013048
023658
003092
017524
013105
009822
020095
014359
002039
001102
015807
010605
017066
010466
018267
014102
020119
004934
027805
016264
027696
009320
023628
022105
015457
015813
025904
025794
010565
020831
002659
016969
024630
027277
008689
025333
006671
022181
019825
003063
025352
009200
023824
008183
001017
025329
026901
015442
015340
022234
013789
013092
026497
001464
023564
010621
020361
012157
012755
006223
008003
004184
013767
013639
004311
005615
004911
020493
007300
002693
024871
014619
016669
006242
005002
007733
020926
002664
013395
004443
022482
017635
023755
019080
007534
026652
013112
021634
006518
000942
013449
027252
012299
008706
005663
024483
022619
010436
011314
004032
024956
010243
007523
011910
020476
020261
016713
008097
000211
005755
016622
002977
001339
019115
026125
010994
006138
002148
010852
005888
003428
003251
011597
027549
017103
019929
023249
024893
012265
018403
019942
003945
019374
027217
015192
005697
023030
001365
000582
023100
007411
004730
020199
004368
002946
020397
027673
002336
000204
019811
010024
026844
000303
005623
007261
014634
014618
013643
011395
003367
007282
021762
005645
022097
004291
021194
010474
026040
013628
014985
005708
024441
025893
001039
022986
001293
012361
002250
016282
024379
023159
015196
014720
005846
019379
016994
019454
011718
014584
007132
004593
025965
020215
019102
025732
024558
003160
008036
021030
016287
026092
008946
000382
018993
022229
014305
003277
004192
009412
000143
023061
005720
023589
025474
015996
024696
006629
010298
027495
027405
002226
020994
015170
023880
021451
012707
011925
011426
025706
000719
025950
015648
006763
012516
007385
021735
013212
015549
018365
002728
006408
000645
005897
014840
013730
027311
026930
016162
018167
012915
019622
016519
004536
013390
021242
001532
022502
015933
025376
006992
005500
008189
000401
010179
021981
014781
