022802
034892
021528
023275
009650
025030
005188
050295
033239
022751
026349
033469
023257
048925
009112
039212
029751
043131
010603
036508
028734
007291
045061
048563
006659
035160
033118
019226
011879
008784
005226
044046
045694
036875
039096
032344
020799
031576
030617
011124
017200
015521
038289
001159
016136
051643
030421
038603
005123
024493
002302
042825
041473
025697
046057
003185
016932
019900
036433
021263
042610
030861
031639
006032
006448
006109
030023
003180
029405
007340
003699
033558
024068
010779
027431
015911
005281
034671
004657
033624
000985
041608
032889
015282
022336
041790
006874
011884
035332
002087
049073
038499
023517
016116
023923
051031
041556
027912
048822
017864
023636
038902
015743
033781
034711
007899
024522
043008
024772
047645
007025
013944
020463
031139
007689
025978
014176
050565
004083
022051
001745
028093
010953
038256
008872
016231
042437
042209
006411
017451
040728
006775
042712
040736
007075
001733
004963
012424
035215
048409
040139
019297
016308
026268
021504
000737
049856
048565
043305
050606
039951
026812
043770
022372
019583
002931
017056
051235
019854
050258
013196
020711
044516
001191
014079
035650
043094
010769
013159
016107
046205
029146
000075
022618
017256
050048
021287
051549
000619
004709
018490
001636
032784
024137
023646
034840
002727
047357
031282
030169
021364
023421
022080
016797
028726
038975
051082
033038
004870
049100
032975
043316
016160
015877
029987
033399
034954
018438
035630
036491
012267
043524
007799
017118
027710
031424
012325
025202
019077
046202
036181
003311
043021
000283
013787
007000
015058
004522
033001
011427
000845
046018
012632
018322
024495
037159
009181
000356
009906
027941
047094
024063
016856
031272
033434
021609
050494
025725
045162
033115
017617
029504
009091
017316
021647
051989
032811
019562
033687
008457
051693
016507
007146
032693
031463
007802
006138
030423
047403
026919
007722
018215
049178
002328
021030
007955
021292
049808
009497
010501
019967
025393
042294
006634
001894
025642
045261
007175
006111
027517
018080
007949
011817
018269
016225
025728
040856
020384
020060
037662
016021
024951
009022
004178
007620
021358
028697
013859
036795
028819
016094
026369
027465
019173
048491
037282
040847
013677
038813
008002
044901
046833
023570
006975
025098
041478
009824
046861
042207
031066
020555
036944
047140
002080
008477
030310
009285
051961
024221
005001
008229
017213
000162
048624
043991
016567
011765
049888
008546
032945
038187
018171
050596
016581
001357
004633
032799
009057
038555
022831
007781
024863
015206
001723
023933
026307
013446
047236
024173
031213
021853
031640
013633
011217
001701
023819
046112
009827
019882
003293
009856
030479
015087
025991
019777
017440
005529
046798
024056
046822
045206
047777
011699
031216
038450
031853
004625
007711
040480
014139
001731
034719
040457
033948
032229
023332
043274
031453
027397
022653
046848
036209
052328
039358
035877
044274
048492
047496
019334
026931
051455
003001
003955
016604
029299
019470
002599
002052
026545
004008
047168
021041
028804
029933
013885
029740
025573
013894
032422
015803
049140
006474
003314
032806
017410
021906
051534
026366
000420
017923
009282
035800
009993
005689
000193
049343
004920
005535
040916
016796
020738
010421
019279
036849
041143
026037
026864
027856
016895
015072
019064
011796
047989
007708
035210
001428
044979
009560
034395
037409
037091
013140
010981
051598
047564
045449
034806
031188
001315
035075
043698
005985
006680
031121
013740
015431
010991
044049
021684
021531
039049
037590
021663
038514
018402
051064
015348
002871
032669
043712
023798
044446
021628
017186
040919
015021
006774
027723
039686
039500
043387
017279
036561
025606
003093
040978
013537
012725
048494
031438
021427
002319
049206
040767
042944
007824
045154
024891
035347
049734
045314
036451
014908
016207
003244
038202
049246
005701
000240
046673
041294
023867
002250
043381
033512
031430
020346
024612
021338
040740
035721
049304
039881
028195
030343
018734
019104
028360
016295
029711
040666
020872
028186
022634
047943
045269
026314
040047
029694
018428
040334
040825
004640
023936
027628
023069
039895
019707
034300
039126
040811
036403
030736
042204
032913
020580
034752
034754
035117
028985
009848
029264
037990
047287
029920
015685
043067
042258
034880
027963
019351
024901
001857
038973
040375
029413
008729
012313
015524
023824
018999
011159
028736
040194
006656
029434
036674
034986
041469
049517
037785
017754
043261
018060
029460
032843
035256
028413
016851
018797
017001
051035
016776
030670
014393
033804
046521
047870
009950
024167
023792
008727
050225
031186
032447
019059
017280
023277
018948
045450
006868
018853
031882
039848
016380
031097
034095
037255
029431
025151
022366
016936
050083
005703
034343
032157
041131
015192
030315
026400
023650
031949
026885
012623
035428
014707
045655
044733
013888
045457
014306
017263
007181
035508
005990
025460
046563
034793
029563
027535
021620
023706
038592
019429
043444
021466
030536
002647
051794
039615
001709
051078
041436
034736
013752
035936
009319
048594
025017
016656
032060
051556
027477
021982
019909
004853
001520
026133
036624
048292
038439
016832
011878
007596
026870
001941
002809
042604
026883
036184
051511
023518
033251
014839
049844
003436
013107
007625
044185
049759
022610
044986
023829
020118
037734
030102
007793
030364
048170
030603
010534
043504
041345
038457
004269
047617
018930
051970
023601
040189
006588
004621
028216
038067
010723
018404
019154
018633
004315
048736
026538
027690
048366
050318
029317
015790
031873
000957
032482
010687
006251
004398
021209
015952
013405
016108
041849
024713
042577
034167
023384
006112
026888
012583
041455
028936
007038
025016
024024
035275
029249
048533
003595
050523
042962
051487
032840
012923
024262
027745
012117
036777
046372
027727
020762
007295
038150
015229
010523
029147
029137
013495
025694
012510
022346
011023
040599
006957
019792
016998
024011
051552
005532
030485
021915
045795
050257
001674
011111
010502
046618
002010
010354
015558
017353
008568
032863
036378
010588
032813
025446
025101
014980
041787
010772
033714
011167
004150
014705
045901
012628
040761
012517
040203
016513
045913
016854
009113
024911
002264
006883
007991
027404
016699
049892
051240
051623
038986
048063
010219
034529
021431
037302
026565
042984
038935
003042
046266
040632
050640
023202
030699
021745
048662
041864
020645
036261
012556
040461
030626
032724
010528
047792
002607
027413
028876
024902
014455
042251
050564
027245
025048
026493
035628
006713
006958
014893
041901
038538
006865
004164
016795
024299
047999
042270
000829
038582
020909
008436
038941
029815
007149
042505
027454
043441
024861
040115
013642
003002
039078
049651
008267
038143
020540
031386
011298
032330
004267
022891
002085
018378
005181
028625
002802
001643
022188
011701
042297
037565
037190
035707
031883
037498
034259
045637
014441
040690
038186
027982
037088
030210
021097
020991
017242
032276
006885
032538
040974
003273
036606
046271
000065
003654
021218
033175
051888
004277
020618
014821
027692
030659
036330
033752
010197
001130
037678
030995
004557
004987
045129
005355
045056
047544
000079
050437
025465
004171
051543
012643
044037
013170
023274
008109
029209
036276
028046
036717
048318
017714
038471
002019
013726
043268
002196
042650
041868
034606
002265
027554
007591
028290
002915
034142
004868
018122
041988
045910
003807
006937
018375
047521
020893
014598
014495
021674
029059
014318
036930
014164
026738
026205
047664
019105
027118
037656
008372
024543
045099
016331
035788
038819
003458
036120
027382
009004
013609
043035
034028
033017
051048
024432
022045
018209
027481
001619
041563
009548
035950
021432
042032
010364
043151
037429
026828
048429
021237
027226
026394
000019
037533
019019
022590
021248
050473
030396
051617
007421
021106
000152
034977
016011
026666
028231
024512
045416
010359
032749
000244
035058
040099
047500
017420
044344
025360
007061
005055
039520
037347
022791
040336
045106
002400
038542
046817
038034
034012
000255
040253
006814
043320
049625
039297
001656
047714
050097
038275
006682
022173
050902
017455
027249
006632
044702
016187
006791
019178
032720
033575
039334
037970
006159
042037
011061
016966
010106
016766
039831
030193
043711
028872
017985
022459
016349
022670
026129
011862
001271
018647
016657
047657
000754
044540
042948
017312
010484
016125
038314
005332
031942
048000
047839
019541
037198
031986
032197
003718
007942
028407
024081
028570
050638
051910
044862
040503
032114
017425
022233
020496
016733
013261
008282
046721
047419
018750
015747
045573
044883
013186
030753
038714
017567
008830
036036
049915
040706
009478
026509
014077
049610
042308
045864
029163
051014
025217
038226
000254
039145
034105
004187
006983
050844
003178
050856
011928
000564
043759
035910
035708
036126
027919
042525
049648
026773
022868
036452
044909
011157
049635
030337
004442
029736
049738
039305
000975
051744
032347
050116
010346
046692
051105
021480
050362
028840
040552
009600
018553
024639
039961
039876
041098
027566
022463
013368
003328
031301
049188
008990
017915
011981
033893
035744
021137
005672
023653
008961
044520
046395
002512
032336
011847
006309
039877
035996
029807
052093
008253
043119
024089
011290
051586
009323
048157
042406
032604
008839
044338
023735
006623
002312
043640
002083
028501
004319
044416
025822
003670
047254
005038
029178
040960
040655
029152
036771
025983
026900
010969
041819
050479
050901
048543
018169
039338
007040
019091
040479
025756
035227
005330
011536
003832
026546
016415
011985
038879
027224
033106
047179
013134
011091
047750
051032
037546
046949
045159
044755
050629
010870
030409
031880
003661
000542
052080
030399
023821
034540
048330
028919
006611
042759
025155
034298
044646
011401
010563
005404
000178
033569
035852
030911
042879
034962
035531
046978
030947
012243
029919
012649
012019
031553
030936
019950
006529
003049
046705
024112
046428
011553
018829
031585
047091
020449
024743
005539
036539
033236
046489
043219
037974
042181
032497
022704
005177
029851
052130
015506
049291
008725
026447
022249
031544
011219
033121
024870
004707
047583
030001
037317
046450
045417
003773
031911
009167
048200
021953
047150
017732
027209
009208
025230
046961
024235
038899
014414
004880
049059
034094
025011
046049
014770
009399
001180
015271
050708
017102
032571
032045
017879
049665
000163
010382
042326
014496
020624
045472
043108
027269
046729
008962
006140
018238
037195
030752
037233
004989
013306
011930
038525
019575
017870
011843
043635
004146
005088
005218
008880
018286
026980
030501
013592
006360
040144
052026
017548
000116
040022
015586
028149
004971
016879
028758
040633
013430
018608
049258
016091
014259
015508
021175
014855
001803
032923
047754
044263
047143
020195
025213
015251
007829
009734
047660
035830
011784
007240
032382
036315
030349
040808
035260
049060
046065
008251
049974
003890
034262
005148
046402
019547
045924
029873
034940
021033
004265
013728
003919
014131
045005
012158
010816
034087
006367
028083
006346
018693
051232
044433
008723
044726
040961
046680
041855
044634
009676
025171
042313
050773
020310
001286
046494
031325
039113
006855
007330
014537
013665
020333
026189
026858
035978
025603
019445
017054
047495
018288
001826
037733
052006
042963
002405
008690
014192
049261
047673
005543
031042
016543
017389
022801
032076
037333
018141
029623
031757
020727
046774
029942
048904
003366
015736
013006
030914
042629
051842
044322
012515
019801
024973
016560
033645
018733
012352
024383
015663
032896
029117
015873
004734
017273
014004
010887
052167
001968
045280
003513
032392
023100
015304
000856
025784
016569
002098
049620
015014
021883
045483
031961
039995
026997
017349
021359
016990
030339
011242
000971
007597
030910
004309
046106
041921
025135
051420
043058
000551
044814
005015
046750
015232
028913
015198
013293
035883
012582
016459
006190
036759
029228
029957
034068
049576
016501
033656
025374
049298
048476
013013
002741
009578
016086
041933
050727
009997
018304
035607
035320
041229
042810
043731
028127
011337
028412
041783
041615
045829
040945
010809
007021
006513
038069
041217
014889
004962
016078
029357
025289
027597
052191
013559
029481
024908
033896
047955
051449
035325
030562
005345
038477
023846
048934
009918
003829
015576
020003
023847
045978
049426
026156
034493
014510
035288
022390
035629
039455
000069
021875
022106
022407
042622
040620
032907
011767
005426
040032
025092
043880
044132
007609
034137
042343
025442
050757
005615
030244
010702
042080
017521
010072
005874
041321
004299
004000
025909
046852
016156
043800
001594
025738
027699
039441
003176
031808
002880
029836
029411
023966
051660
013079
024101
040305
029339
016111
001260
039437
020411
008128
003673
035901
025463
046872
019146
003789
027493
009714
019966
018834
045935
011048
012888
010183
037786
045222
004437
017269
042165
016618
029314
021349
021343
008219
037781
015049
027771
042690
029430
001658
038528
023610
030912
010352
050620
016913
028952
039931
025801
037991
015974
039730
017276
028566
007726
021862
034362
051156
044656
008740
013433
051468
025161
042034
051713
023813
028899
004303
030018
022621
003883
037631
034525
010548
022194
028489
015317
048642
046210
020311
050089
001485
001390
049415
031866
011432
042132
002806
024466
020013
017454
047718
030761
020363
045855
006851
048635
009593
041643
018401
049979
044679
013207
000667
003353
035121
003858
024998
011967
006509
005758
039651
013550
034899
011446
017555
010372
041527
021393
010642
052255
000892
047515
039462
015569
048340
002506
021787
038996
027893
023058
022317
050567
028693
043831
013157
031774
011735
046165
007554
000596
037994
046570
011213
038959
016161
045448
034948
048611
044153
018497
052118
004159
007463
026055
000869
018163
051131
047974
027658
032845
014870
017853
012088
000573
017209
015303
047682
006093
046913
029492
032469
051659
016452
021257
000778
050483
030826
000495
031496
035223
041626
049735
022758
051892
017387
045616
032708
043095
030222
010747
014252
025077
015734
040724
007278
044333
031523
048575
020807
051705
037913
003453
003531
007400
036939
040333
043591
048558
007051
028187
023806
046726
050034
046386
046643
033706
041695
041067
022595
033835
034975
011283
009934
003411
035147
041292
008191
011433
030387
051782
012528
002147
018442
029914
030288
031221
034630
023782
003812
005187
001589
027147
012373
005442
013004
052068
016371
002404
047824
016984
043890
005336
014995
051371
048247
003046
041010
016561
047613
010278
015751
044103
028468
001766
041437
043508
045884
051077
003259
003967
047383
003910
048038
042362
043801
036088
028229
044306
014698
049081
038575
024177
024059
007873
005237
033824
023230
013597
027174
038744
038431
003221
014685
040448
014562
020601
013697
003906
026227
051086
030953
006768
011113
033291
039610
051626
046304
032742
007221
049560
021832
046244
026204
044886
019529
018546
045444
027358
021235
041148
006970
017236
049108
051432
005312
029330
048665
039965
001435
052176
011739
011467
004300
028886
038877
030546
041301
045137
035163
039581
016330
021183
004701
023543
035686
042762
021261
041671
002604
023920
042503
027365
040686
020593
027818
022628
032064
014969
029215
011830
012379
046806
001076
051656
047851
020579
050332
018557
004093
031211
027388
041976
049561
025997
014783
029103
007215
024627
011524
041015
046989
047914
045730
003029
004523
050558
048472
001511
034033
032685
012427
026609
022024
050297
049094
018949
007535
034053
024465
019773
012883
033276
023537
046801
031294
018624
008223
011725
018802
045584
025405
038663
019670
047762
000886
037408
016033
002901
051013
014007
040326
006337
050339
031632
032890
002070
041820
011451
036629
020121
039620
012099
046931
050534
003797
026333
036761
050326
009944
007913
050051
038158
048997
014468
000147
038317
007364
021259
029940
041682
048308
025333
029763
041038
041339
018406
017171
015776
000474
029168
038102
044058
028377
038541
000979
036108
011583
015188
023146
027411
026102
018313
045070
013684
016674
015864
023134
039805
047661
000687
046987
014096
008266
023991
024510
024292
039888
043520
004352
017229
048862
045463
023994
014484
039985
010937
022585
030817
029593
021090
020065
035068
039098
018706
028621
049902
039788
032340
011244
009106
052030
049978
051003
006013
015320
019332
014835
010945
010806
023170
017295
048289
039344
027839
040530
008006
001405
035944
027575
005072
045561
017308
006916
044557
028548
012557
035328
024040
001702
033031
027648
004878
039461
044584
040050
042091
043054
042332
006603
032994
022558
040634
043104
002555
051039
006106
014990
015478
047969
048796
017299
030192
001100
012037
050343
018588
011100
009762
025032
043525
009536
013923
038925
026783
051810
041509
003276
036460
046575
024631
038401
017259
014425
024361
027988
042544
003583
037307
027901
025597
002548
035651
023540
009678
005512
002602
027547
033461
014617
016607
048074
048192
021157
032985
007151
018436
008943
014288
040053
035353
039786
004796
024352
051138
011384
024202
014756
047565
005151
022104
052272
034716
048153
003480
050006
041646
016381
050413
041742
022741
032106
004609
029594
010549
014852
024822
019419
016474
017904
033686
050129
027946
033094
007896
008037
009729
021860
008257
025001
014899
036847
044975
023348
011529
002232
010043
022006
026115
022953
004999
030654
034023
050287
020470
033723
032430
007118
036394
049269
042579
040853
025722
047744
027327
041607
044659
018297
010139
013279
026147
019588
046591
001472
008021
011756
007282
021191
008348
003575
000816
001919
044136
016202
028955
012142
021161
031179
044820
007986
016802
012051
032900
029493
000246
024356
004875
033061
043313
044711
047120
034555
034979
049672
050452
042173
038805
051676
003925
037020
022255
028126
028032
020936
028431
010867
039388
015228
029029
038851
028641
031198
029070
047493
016664
027094
018385
026209
037855
034233
017544
004731
005625
005819
038645
029756
016645
034919
006343
007235
001336
027370
020110
001539
001705
020700
032650
004873
045245
022320
027170
023834
032541
038374
004524
028225
020696
004288
028643
051962
038252
020425
049327
047786
019126
012561
024118
015258
049897
043879
028906
020163
040653
017770
014508
014093
022672
027076
047622
014633
003606
033188
036210
012164
041712
027104
018106
037827
020297
046708
014180
046474
048621
029821
001101
017738
029908
006418
029410
017564
009328
023110
011079
023029
009359
036363
029235
022644
045654
025461
048257
001104
041992
033799
029859
047206
005367
003450
021096
048279
027060
019963
046315
018653
006794
050994
042012
031980
012548
039336
013448
034207
023843
051853
042082
005159
028755
002780
005362
023639
033783
039301
009000
012488
001305
040345
018501
037426
024776
035980
015253
013353
015909
030929
039134
011902
007672
021553
049145
011474
045453
047257
047243
015394
036828
015071
017158
016638
002363
031660
003616
034406
019256
024753
050035
048002
034071
031083
050514
051426
014522
021806
032575
024699
025843
005417
028832
050204
038833
045019
037031
039177
031008
013845
051878
027652
041756
040545
031618
014184
012669
007192
028076
001711
034436
015166
046519
015750
004425
028040
044264
046713
044587
018958
018218
020323
034641
003995
045194
029486
050981
016399
040816
041980
015507
027341
048134
044385
035476
010204
025291
051621
002354
005387
019891
042876
041744
031604
028824
005606
051908
022775
025849
003395
051814
037555
016663
034009
007478
037520
013319
026077
050964
048081
014536
002294
030445
028446
006399
024164
051677
026528
030162
033185
019147
008238
028397
051719
000004
012579
043798
029614
046341
037320
007407
044769
052339
042458
039400
004058
027241
013926
043308
010805
040193
048439
001937
039153
036457
029601
002027
043242
021970
047282
024111
003076
014329
035704
027030
027556
014488
029991
013362
035362
025572
030744
008225
027250
022492
042348
028611
031498
004032
033012
051452
014168
036769
050112
046120
000038
008088
023292
032228
015094
008768
002175
007116
005351
003439
017346
050216
021834
017022
041824
031108
020655
003435
017129
035231
010717
001663
041877
007668
007481
035930
043685
016882
041813
012731
022616
023726
036444
001078
051414
045380
046278
005722
032718
002569
025512
008143
024546
009761
000141
027045
027259
029156
040366
000530
004543
014926
015054
036584
051285
040745
027464
036045
012415
019518
036836
052178
014456
032841
017255
014483
013771
023531
036011
036272
008953
038511
035765
022410
025873
027594
041586
002275
033078
009965
002338
016447
021129
022520
007005
008207
049520
050464
025301
047090
011385
013379
028354
027968
014115
018606
043073
041772
042526
010217
021109
034351
013325
016014
040901
002303
028929
043014
020051
033192
016616
038453
046300
019239
001565
039692
019366
009756
040412
037303
029122
008062
047772
011522
012889
027084
049019
045889
029398
035955
026905
040424
042401
027567
036162
051736
016309
031569
002765
019559
025066
048173
036263
005757
045905
032882
040944
051029
031531
009801
003481
025383
039706
026909
001067
002494
031436
034349
018360
013999
047549
003519
029189
010794
034224
003015
018913
013966
025861
001715
027300
033718
003359
010006
018796
049459
043188
015712
041240
000187
030487
016287
004664
014280
004568
042537
041261
036658
044038
008756
013283
025487
030344
015520
048759
034928
015842
045130
040993
020290
033738
035673
014509
012964
022020
051990
026003
032936
030353
018780
007380
005010
042596
033619
001858
007601
012619
013233
045174
012743
035453
047650
010240
035354
002527
029001
034158
032109
050429
046015
026344
005570
025453
035501
022502
049524
014152
024199
038786
046818
025599
050475
016253
033888
038104
050146
046712
036081
008986
006170
050460
044652
041611
050806
041374
021125
008498
001861
005498
049301
000717
033851
038437
025564
029639
014229
048267
003714
021827
051902
008201
018639
017305
038888
029202
032342
045580
046685
024003
051301
040088
039597
012692
012766
028987
028930
000825
045355
003350
032268
048376
003228
029878
004754
022130
030900
020653
020260
019499
048566
020608
006777
030532
014132
009724
030144
034554
045211
014957
043097
008185
022042
014850
041779
027794
031228
034074
026660
019012
004531
031943
046830
049798
000715
018938
006433
041808
042632
042396
029145
002259
036793
042765
007302
034086
026387
032851
012020
033895
019666
009847
041979
024344
033357
028805
039819
012841
027591
029455
004753
033132
034646
039031
017377
048583
024171
023048
015556
027138
034776
037939
034876
038921
020744
018759
043298
036860
022195
040701
042013
049686
007137
017627
021169
049379
007383
022800
043691
000976
017557
026527
031767
033268
012824
043707
045865
022808
001951
023464
010447
014918
002708
022701
005143
030948
010259
011961
015824
036846
033644
039287
012156
032722
008215
044126
024867
051356
006422
029416
018331
040521
050194
048333
026702
031511
031396
004355
036118
038929
050513
029257
029576
038684
024690
006950
010457
021764
044391
041659
012833
005171
006972
009021
029453
029433
034411
017719
009353
034350
047923
033193
049220
035249
032960
032958
003645
014612
001996
041308
017037
038814
051526
020879
022738
023686
022092
001458
022819
044300
027835
014694
008876
014796
010451
050623
036698
035086
010690
001107
000041
037521
035226
029440
046958
051106
031234
021776
039574
002274
035539
020675
014012
024474
038369
015545
003615
041089
015925
021108
045284
043869
003292
050158
031045
008102
019821
003193
029632
008528
021594
012186
052341
011123
033048
026607
030197
013384
007877
001961
012929
036322
048079
005478
030293
047926
012577
031046
019025
009005
035378
024981
008879
034006
013935
039745
032554
028122
047779
004363
018340
042084
008135
042429
021582
014102
022337
044332
033277
024105
003692
032234
049980
014031
036087
013305
034897
006040
000696
033252
050586
028933
009268
023495
025243
016760
032819
040698
011527
050270
038762
005200
011934
035304
048795
025115
023068
039576
036185
005186
047196
005314
010526
016565
039012
019941
015369
044815
002674
021870
001872
017679
016786
025724
022639
037625
028835
005287
014506
011026
027608
052231
015133
040999
042311
014806
021291
007881
029706
030716
000276
030567
037124
041490
041796
029833
031147
001167
028604
012478
001646
036347
010556
052172
045407
038932
050374
031419
012366
042772
024855
017729
013651
049497
015706
051825
034204
018819
007304
016013
004411
003950
033597
003521
017131
047615
030648
050457
001728
011241
028085
012598
008512
000576
039366
005269
022961
042533
023016
046678
032196
051830
041838
041451
009728
047641
012112
021974
004585
033770
015713
029652
011659
045886
029690
004551
001977
021475
026756
045702
023776
002808
041434
030281
010434
036869
041828
005899
009855
005110
032957
048082
007983
024913
003117
032082
021840
034352
034103
008306
029592
025779
013993
033994
027159
042714
025373
003260
035755
051870
008782
001529
020750
050831
013493
045756
011033
015349
024041
043433
008769
016175
017049
022277
008832
020616
013450
015921
021324
002381
008394
019572
027674
015297
040775
038088
021269
031804
027442
033390
036415
017104
020628
038261
032824
029574
027461
015694
039798
015805
000546
047761
044339
019159
037006
041697
013956
030930
050383
004548
046000
037445
014724
043863
010102
009312
018134
022892
046963
016027
040084
011809
040907
013840
033617
007947
039777
030416
010834
021473
042977
039213
034480
046053
017931
036039
012244
051561
008262
036678
018794
038028
005702
047009
006293
010357
035959
001847
025886
010518
025521
012636
031976
019530
016217
029857
041145
038108
047205
009618
001631
011277
029636
004260
036206
037899
049249
045748
012539
048399
003418
024311
042964
027032
031695
001727
042524
035906
036230
016216
004349
011095
048432
019294
048873
007237
037350
038321
024969
008513
008455
024162
041233
025714
034069
008333
040933
012027
019786
026053
032735
041216
020250
015429
035916
009494
011625
042756
003799
044500
040723
041623
005763
009392
035578
036842
034070
043715
020538
043705
050549
044826
001896
035566
017596
009732
035266
038544
034726
010878
044281
031577
038862
029277
036254
037340
044638
005799
008714
003836
018008
033538
021100
042656
020974
004511
002653
003591
027666
023148
045683
031484
046672
021707
009413
043571
018879
005429
005978
005643
001932
031187
010394
006758
026573
031017
028593
021412
032778
017290
031311
028768
032371
039099
040857
030401
003795
027623
017066
052270
039241
008221
020929
019877
004190
024664
050570
042972
032990
049906
014153
049255
028790
019971
006232
027969
036644
038706
025927
034479
031151
032998
027067
022434
036284
001073
020709
026868
051431
037179
015689
012978
023419
046981
023988
049154
049871
034622
028179
043562
035424
002082
050679
051823
038788
036587
028992
030707
007127
032397
019123
010843
042782
040602
029019
040515
006981
033592
026645
026295
035560
040931
047032
028483
030130
007152
034730
035209
026459
052273
011118
024323
042930
018892
020332
032524
045086
015600
028049
045685
028405
021712
000695
006585
018832
043483
043754
027907
014339
031651
040400
036428
038195
022494
041033
011088
042985
001046
030361
012121
000794
019385
014575
003274
033831
008052
032021
040988
034067
040899
036334
024954
016185
034245
032043
042314
037223
049852
003166
036271
042214
021873
051901
034297
022784
019806
000940
006172
018266
024446
020159
031471
014307
035385
044395
027773
040285
050271
006365
040786
010877
048777
022201
031643
029896
042170
051740
036137
048240
004235
042862
029848
002733
043873
034871
000051
034126
044405
051706
029404
006428
008268
030220
026454
032586
046256
013664
001640
016115
051333
041069
050246
021522
045701
035192
013543
008413
051448
009620
035792
022361
025310
042643
044465
029463
019816
010070
025416
012006
038569
017615
019270
052305
023097
003371
044124
017154
045908
036166
007049
041270
049158
024319
040349
039738
038333
028277
047366
009902
048256
036139
051592
004199
040772
001578
031326
024558
012237
046151
048160
004376
005276
025591
007011
030976
048799
019660
022522
026637
022269
048824
000589
021598
000768
017085
034288
029819
006010
027384
052236
045734
040453
044374
035177
006067
038565
001173
022436
014065
009311
011559
035601
034939
023448
017038
038181
024293
002575
030265
021254
043348
037348
019970
003288
006397
014404
018652
007490
038799
013561
006469
033861
034110
021538
024997
013802
051668
027895
021896
004125
014367
024764
000969
009177
000987
024803
050043
024974
037820
050408
037405
021046
002979
023046
030250
009717
047798
010701
024317
037519
011600
017159
038807
015244
004432
033907
005315
051324
044086
010154
035198
000824
026537
049040
025096
024750
023203
028037
018010
032643
017736
013793
004436
040302
026954
049280
029162
047960
044708
024633
051880
038039
048336
007052
019391
046903
030405
007487
024915
041296
028174
044272
049183
005941
031867
011557
001627
048728
030719
041534
030270
025370
009300
006867
004096
003761
052042
027651
017722
035527
026014
037150
038378
048729
003958
007458
021154
010943
004602
019738
043661
004629
022146
011644
007233
023864
008569
022881
046097
024580
029384
035469
011183
050274
020856
030535
030233
023133
003004
010159
005921
036694
023005
039477
004053
015347
030205
006788
043245
014751
052312
050026
030597
025790
043742
023219
016319
007629
030019
016594
048712
007870
007193
013307
014183
041696
021732
004839
011018
012735
043637
027176
016739
004984
016085
049292
045906
015420
016794
025864
044552
049079
003323
045033
047866
024102
045301
032674
013831
016853
040278
003240
008667
000469
012585
036418
021061
037041
034506
028775
040416
008083
022280
023007
036351
047830
043427
043174
012218
000919
029797
007598
024655
036138
042580
047540
014267
047640
000344
020375
014200
035141
049119
044387
028494
047002
022648
032091
051130
007263
030094
041807
023104
043557
001512
018839
010703
002769
030383
041542
046973
033516
022940
016647
005660
042206
027103
027042
010500
048259
044827
019793
046504
007827
023526
043950
007584
027113
002322
025739
029049
051163
010361
002858
011504
025693
018494
037211
012698
039187
002999
003378
020500
035557
033521
037961
022342
041413
051793
018043
017228
041420
047782
048748
002162
008523
010239
045933
043813
032972
050820
034227
024596
048616
004206
016324
002397
000722
050275
041059
023103
039898
042874
017809
001278
032441
048751
041817
000050
027429
006332
012004
035999
051396
016438
047298
002760
052366
032700
044464
004232
017830
023273
036901
030105
036772
022795
039097
023299
010144
003360
022604
042464
041729
044903
006494
004285
025635
041926
001128
015601
026523
033467
041366
048615
044047
033383
025732
012101
001883
015439
009977
048424
003158
017553
033590
042902
004479
052374
027859
016782
009250
032655
027281
009149
015481
046262
007691
040795
046664
016925
014747
017098
049238
040591
011570
005037
012395
036938
035251
016192
042461
008448
031036
007707
020827
023715
003315
037673
014097
003987
048896
030757
051881
001644
051348
052073
030677
045640
025285
020245
031280
022108
025588
024541
006564
040824
004063
015858
036940
001639
012031
006875
042549
042627
024990
017257
035273
006215
039867
001087
050060
012762
021561
044159
009386
049364
018960
036083
016460
003945
000275
002091
021306
020491
027229
009617
043423
039200
012874
012907
015960
024532
012915
044713
011759
031630
028129
048740
024593
009264
022486
001091
014253
019293
017546
032020
025807
043081
038470
050547
011105
034755
029776
009094
005960
033487
044121
024409
009672
029366
002096
044995
052352
006809
015686
029173
023220
020063
019512
017790
042678
040055
040484
047376
037902
010656
006350
014551
005198
033637
012605
030439
040428
050020
001215
046241
007832
045113
021172
007275
027896
024029
007655
021018
034243
033099
049329
009138
044490
035156
043000
033694
033560
013838
035774
037492
037187
000672
050944
043292
044256
040839
044400
048014
007160
049788
047738
045292
021210
050090
037070
034131
035471
021133
012405
042063
032535
030934
002565
020685
033263
049937
035479
036318
052190
027506
009479
000290
012200
001308
012033
004049
009884
047275
017688
007852
050632
032546
024189
001588
044045
015815
006692
023206
015161
036073
032707
039431
044020
046223
040918
016172
033217
026437
014519
005372
027920
030170
049687
039626
049460
034800
040324
001672
008429
044342
040358
027483
006465
004177
048664
031697
044424
005662
006499
015976
035967
034043
041867
011016
006930
046177
025335
027531
015377
024424
048144
050120
036069
008211
040605
009335
013618
005749
021747
052283
009800
013947
001513
017082
015385
025536
022281
000539
049773
042667
011577
003386
033672
023818
019911
034938
028785
046416
051502
013155
042196
008368
035381
048007
019076
045359
028590
043595
017652
030959
050718
043569
009306
036825
021016
005042
014421
004541
006747
011224
040074
047845
048283
006482
006845
030627
018192
034672
037115
019542
013968
031588
028102
009591
001489
005131
005571
051533
007962
049853
042887
040143
016972
030702
027087
043555
043911
022159
022252
050059
002994
014565
008435
029544
044960
016425
034662
040619
008680
011989
037615
012644
039688
002117
018756
004440
021141
015125
010481
026243
030263
044275
015904
004382
023022
041833
051530
039384
038650
034791
031932
047273
001882
034065
037659
028986
042928
038264
033817
008063
009143
010697
014842
038711
049930
040255
023393
022111
015096
015138
027929
017570
000663
031863
032619
022296
024551
013873
028259
034768
039076
017796
000411
000025
046914
052258
025166
010595
006379
036196
005397
028217
042847
015744
034661
021576
027037
018441
035709
019787
044026
003755
021063
046257
047509
042218
004119
021668
020822
033350
019790
019141
015174
026089
038065
024138
004757
049434
000744
052001
040505
039234
021496
051434
051402
048010
031751
010048
003928
034029
021242
016403
031329
037715
046970
025905
041315
004007
051194
006912
026703
033978
026623
006144
047546
041987
004599
029074
003535
010858
051246
019199
014209
007903
027733
007403
012139
038249
035624
024070
022530
046554
013172
034108
014750
037538
030422
015698
021769
009726
050681
049365
042338
017906
016849
026892
039009
038191
045426
040454
049180
020691
051650
044415
011820
021793
046039
049794
030768
010251
015693
046954
034808
016633
035767
025647
049614
010494
048695
020868
047879
016057
014968
007141
006353
036765
042149
032018
032016
007539
011413
039507
023946
023031
044872
007921
002267
052269
009253
013847
045943
032057
024949
024358
024461
003759
017505
042563
026186
012215
049598
048867
001557
049089
014418
022767
003824
049318
044724
026020
024411
003302
013818
035095
005407
018978
040788
010956
003354
033866
024665
050656
029907
034505
024815
014218
041853
037073
019642
018452
045446
030223
009703
023470
034255
044412
026306
041058
005250
019727
014499
038406
024047
000753
038452
030137
049811
014946
040506
031351
015068
018108
021767
040846
035504
019183
026682
010759
047882
034093
016668
051015
018982
028190
044475
020249
020443
020085
041266
002049
011180
034031
049262
006286
019418
006047
045348
020137
026955
034123
037716
020878
006057
047856
022816
014323
035388
004835
025114
017286
007894
012298
008610
049370
048084
006811
005213
006973
039109
007343
049416
014045
030720
015560
027518
023689
038857
044811
003161
013547
027637
014503
048394
046671
002256
050550
011139
037621
007850
046925
007469
017685
005770
029040
036757
031653
021847
006642
012456
022067
002242
027997
005167
016983
012911
023892
021319
032390
051619
000172
048552
038868
020575
000126
014704
014331
000137
007623
007071
048204
036168
009170
002068
003420
000792
003756
049190
036675
025067
024590
024115
007694
020337
002908
029584
013407
049275
051256
009546
014924
009394
039204
050857
019016
025688
005238
003206
025413
016500
047516
043296
008589
034675
014439
005526
007744
030957
026206
045544
046422
006619
045753
010156
047450
003026
038616
008048
017088
050883
021028
022587
048685
041910
046381
002204
036308
014243
012297
010080
051494
020560
019985
006579
050821
008116
021294
005216
032791
000990
038118
028439
004225
046667
023473
043117
023246
051685
019996
003503
047867
040943
003191
047261
036699
048471
024906
039306
010332
012746
033640
025252
017459
032618
020897
021888
010929
032207
015246
019111
047832
000005
025015
007290
012829
040498
043956
024919
002033
030161
001400
022523
017826
007390
023514
009056
038619
040019
015817
029304
038366
017466
016469
017785
036399
038173
038717
037702
033933
012985
044451
005915
036473
051058
047448
047728
037916
012261
047003
021013
044205
006197
044661
024808
050231
032048
026362
008070
017671
013094
018705
002228
039918
014512
046850
029390
001187
033696
005706
000072
021276
012987
045693
039661
025644
018193
048825
027426
046475
029959
023282
015832
044235
018389
040574
003926
037086
026001
005328
041398
028432
023588
038220
001349
046858
045217
047086
044456
004655
034921
022376
003096
032312
018532
014366
037723
016267
002715
051212
041906
000661
007438
021397
030104
048859
041726
007731
038329
029275
003497
034527
046440
040982
008996
033060
029765
009654
042239
017359
044722
003467
003753
017246
038885
009806
022285
020730
023394
022930
029305
027960
032767
024147
003747
049827
026717
037780
051340
012080
028689
050254
001364
038414
045370
028437
015642
032070
011249
019278
049266
022457
035084
045937
002863
046617
012767
002961
037246
043748
005975
018632
041140
026821
037750
051683
016746
028251
020945
028651
022182
030935
019138
010864
002291
031209
013150
009042
019609
030332
037779
002023
002668
019434
028656
007228
003548
042945
007855
043990
026095
045408
031114
028263
026785
049133
022824
039672
005802
002881
024519
012289
005669
030919
018611
036031
018277
029175
040314
027761
028594
017223
023320
024838
044964
025022
038758
038462
046498
014841
032204
023632
024018
043733
046935
015603
008901
020741
000379
020181
017595
033967
035161
031707
007060
026224
016223
006804
001946
032419
006209
017886
006218
050074
021903
047884
006454
024679
044068
036092
041204
002778
011158
051536
001224
021281
014579
028401
031408
046851
051436
007048
016036
041391
003171
018178
022065
021659
004685
027746
008736
050252
000175
015131
032400
020673
029298
016759
050848
002875
009930
018844
049566
050702
046044
004202
001671
037224
050740
006252
048617
001283
018217
039986
018300
000586
007833
004908
017616
047788
022943
011503
051542
031489
039459
006839
000330
038271
052031
042527
033801
000769
050283
045534
024429
030231
033130
023561
050557
018036
013141
026903
037532
008245
011253
042659
033543
044536
049315
030688
043126
038229
018697
001726
051485
034136
051063
016635
026273
008068
037669
010449
034678
042575
028770
014669
032247
022156
027879
030318
037576
013257
028343
027776
030126
014151
041068
015882
046401
043486
031824
031006
048288
011019
006491
007961
018260
021084
030822
019669
026448
023272
016488
010165
028278
012296
043729
009949
044543
006471
006043
034366
039280
041079
000013
033410
048932
045822
044401
028371
051931
045025
043915
021223
038204
046771
046214
012812
043430
019359
026695
048750
037699
021678
040168
050496
040805
024075
001827
016652
008508
008145
001820
037318
036655
052196
031448
045650
005907
008602
029596
036465
000146
018344
017930
000888
010732
037886
015959
003501
027806
038239
035595
023635
048485
001691
043255
019330
025590
019635
035610
025065
007161
023898
008124
022803
004529
038821
019813
011591
033650
023739
001788
018651
001177
028243
051407
005394
006488
023074
031298
036155
019432
036643
011811
041843
030490
032989
038770
018371
007849
017933
000678
023850
021197
026698
007644
038672
021781
050070
051580
020529
050817
042707
039201
023128
044569
024605
022344
045465
026655
013331
012348
040473
029285
023070
038056
008650
000122
006702
001652
005846
017919
030918
045695
008904
026822
001139
027414
042186
052296
047922
044411
034855
013895
052280
045150
035339
042983
003986
030974
023115
044457
021526
023289
015182
002040
044284
051523
032019
047148
043587
001911
009788
032052
048293
011306
024400
021363
035043
047499
037256
047122
001437
043168
037383
032698
022368
044360
028938
022668
015162
045844
005649
051490
010636
028034
027422
016542
018529
000726
041487
016658
011214
022059
029301
031016
005827
020078
032308
038183
027703
003108
003689
009266
032405
002943
015830
014585
041284
006893
019647
044640
029925
032148
044245
039695
004986
044461
007646
032684
018481
010296
026271
031353
042174
023992
001796
039761
028727
033163
031106
047620
050814
038456
012696
009284
033187
035221
029066
024676
016320
013526
000386
041510
025454
012977
039613
049485
037505
036529
045303
034593
039950
052161
024374
029180
028934
015641
004759
022972
006825
021385
037120
003251
027155
037402
002823
044487
018985
048851
044116
020419
000773
045107
033216
022179
047903
033726
020325
018479
046755
019803
014161
025365
039958
003592
042138
008461
050990
042907
042027
009564
002041
008731
023774
037200
029930
037704
039778
046616
032489
025769
044688
003169
038342
005339
015065
019055
000554
047300
044072
033682
039669
012897
050628
034518
020937
004228
031971
030593
014905
023887
037824
008024
032727
027845
040710
043854
024853
019437
037205
023487
018720
038182
029315
041458
026970
036697
014292
022231
010221
014953
039220
012330
033235
029784
012392
030093
000185
012113
008834
029844
049229
011582
040508
023284
012819
034389
039994
014338
042426
001397
049189
050832
049775
037821
019987
013502
017092
006720
003512
014641
029121
036246
022714
010645
006598
009789
047559
049878
033142
048986
028165
017021
023120
006483
019751
015970
023006
002359
013806
030063
049796
036663
050907
016375
044076
001148
022632
012371
009739
049273
038231
000168
040959
005087
046876
038907
005699
041418
005811
010374
035677
000143
044611
025745
003438
024991
007509
051996
028582
022089
039011
034580
006857
004959
040532
023710
023095
044253
033195
051208
027021
017856
036565
049802
037261
051529
028147
044141
034481
025248
050106
026388
023167
043263
015580
050151
045364
006019
024048
016444
017157
007230
008923
048922
040447
005847
016538
018977
006517
014396
023480
005255
042447
016008
037973
048363
036093
006919
000462
030566
037585
033715
009396
028864
028991
007670
012734
007516
048861
004881
010902
048419
008972
010959
016890
006074
030738
004330
037875
036348
043228
051483
018629
002701
045198
035183
033701
012755
011074
011517
033453
042216
016710
049642
013173
013266
024985
035450
004749
018600
001069
041376
003484
019049
030727
017250
000907
004491
045916
014343
000456
014671
035654
021408
017194
011786
026742
041945
014964
015929
042842
047781
044764
049319
052219
014630
010571
038775
030920
047165
039534
035851
032472
051806
013409
046432
031426
033379
010214
003717
035545
052332
034895
018185
010606
018539
048520
037298
036183
014145
026168
024490
004569
001800
041417
051180
001600
051937
024928
010955
045900
040608
031510
022691
003783
002316
015720
020712
039433
037392
049352
023196
022472
047956
035922
008806
034329
035077
012376
008259
011398
024181
045609
000549
012221
047442
041668
007582
046709
029187
040759
038093
051847
020933
019184
035627
020924
050932
027235
008164
039072
006690
026995
031828
024643
023959
037108
034769
042877
011846
043130
011393
001983
040675
045260
043462
007924
014015
030348
017561
022293
008393
000847
035409
006510
005484
049376
020578
034561
027020
033285
051099
022136
015471
035514
041361
000533
002920
044837
046095
014340
010530
041446
030625
035045
023364
050742
004838
047024
024965
000030
030886
044853
036244
007114
047993
011912
014532
035173
030797
004115
030550
050690
038846
043736
020472
046074
008075
023099
051671
008428
021238
014104
010416
041648
002678
051289
051977
039621
030459
029170
012305
046600
051834
023534
047949
035282
017319
003586
017126
018397
000516
021512
006553
030729
000521
019346
031933
000828
007665
021633
016553
012769
043330
048731
031310
045035
031541
048694
050892
038451
050291
043468
003083
004545
034170
007684
017123
009279
020171
022815
051837
016186
046172
042428
043496
051763
031589
051953
008851
004947
010944
014136
036285
018377
038698
016174
010088
014027
027043
012110
024276
048406
013774
013123
011968
026862
014527
024209
000295
030069
044115
047097
015994
024827
011962
017891
030849
020640
011865
024229
019724
039930
031476
010023
047278
044313
011894
026432
013927
035115
012795
004763
003726
001030
020106
047367
026591
047290
018079
045537
040359
025904
014227
039266
051229
043435
011748
010028
047209
009355
030992
018766
011248
031631
022959
026081
000034
037324
043004
007087
002587
024440
036301
042040
012877
031089
039952
004485
046969
039632
038649
006776
033126
035393
000393
049237
044472
041719
001421
018962
042315
029849
045439
024975
013804
007782
047112
006516
028368
006014
033289
043718
019187
050247
000156
039752
013623
029678
012293
049390
020006
002465
016303
013244
010801
040471
012650
032690
022723
019767
042095
020862
040281
034903
022835
001966
032030
014608
044890
036955
027714
012708
006066
049592
025262
010508
000480
002595
030024
037552
037497
023695
018974
049643
009070
006395
009785
035076
028597
009417
037634
021368
012321
017609
010612
038192
034344
029087
015227
026261
025538
000868
048385
040995
002689
007989
031717
024243
019817
041228
035088
040755
025568
036179
007494
014911
046847
031902
025391
002495
051195
018764
027691
041769
013882
041399
034305
027338
025197
033593
018012
030400
029512
015746
028706
038810
040107
022386
022889
010511
008509
035736
033437
045577
018019
052086
017148
048265
004636
009332
017117
027149
034584
032480
002698
002432
024006
043536
006922
004773
003103
008726
027924
025036
023882
042927
010001
048532
001980
041837
033698
020382
023539
030559
007636
048527
045480
006668
034826
011950
000584
008979
000177
025124
027825
015483
035718
040209
027008
025254
014601
032000
029747
048295
041858
002487
016806
009439
049380
040344
041502
006995
007200
047898
025478
007461
041996
029572
040516
024857
016141
020531
012061
001959
044282
013661
020507
018333
049075
020610
036710
024698
017795
000629
036573
025468
026765
015544
024552
047077
048137
046399
011329
008491
045915
046889
018926
029342
024917
025180
044462
019255
019610
006370
019493
002927
004278
037551
034292
012040
018914
011480
019876
022880
042543
013870
035985
040777
039624
020456
034098
050272
044001
006114
014405
040951
036511
002930
025652
034403
007700
002829
031382
052204
021655
051315
012093
001170
014859
047827
007439
041935
011929
033494
046763
006195
009287
034884
018510
049646
010250
023446
012430
006850
008539
051072
012387
025716
016092
012235
034813
002053
001427
052290
017025
041293
016848
041823
021381
004977
024099
050986
035046
025229
023727
036153
046648
022176
006380
032146
049704
003019
025913
041328
006722
008059
017351
038308
020651
038506
027328
044212
013017
044803
025004
008025
037807
020768
029533
013544
013627
012281
050703
020104
030641
001970
032420
038571
000384
010673
028931
034745
004236
003611
030196
024270
021557
017613
045498
027312
000751
044998
029174
031074
032812
003639
035085
040097
001282
037444
007336
015894
023899
031563
002488
045790
017622
010917
045273
002617
011268
034456
030541
007605
039541
005369
029112
030163
027469
040823
006888
023733
046025
051512
007837
049523
000512
005433
035516
028035
040590
007858
025708
005475
047841
043149
039993
028452
025550
050448
015239
025441
028115
024028
028235
048612
046152
015818
018099
050614
031443
007545
026936
041953
009613
029982
034439
004275
010158
048324
045597
018144
038222
016372
051653
049887
027504
013710
008925
037982
035519
019677
043823
034915
034504
029408
015286
043278
030454
050371
027189
025825
007348
003636
011002
017642
028781
025753
009588
006236
039439
052149
049239
028635
000138
049632
051055
029303
048668
011579
030312
003172
011663
028219
022057
049030
025436
017219
028948
018105
038746
030681
038023
009427
046086
008886
047607
031702
030690
033409
045502
019420
045062
034654
003079
029308
032885
031117
000186
013484
024732
006963
017971
010670
021022
028879
016996
052367
048480
040966
009178
010166
000535
051915
015321
002192
040564
029427
004108
037096
041160
008543
035899
019878
006592
034099
022157
001197
034572
011976
018986
048344
038651
034127
048589
042157
020625
004772
052315
032935
013281
007088
040196
017739
022403
030259
044593
039657
000060
020597
006443
004087
025770
033902
015036
032559
030564
042161
033353
039991
042976
047476
009545
035822
049341
026177
040771
013338
030182
030709
041029
027659
001815
033704
038350
044513
021167
006176
038659
034515
016355
032732
015643
023445
013682
013881
032463
017247
049825
020723
018619
001026
046666
001862
021583
038328
022543
024346
001466
008854
044809
021264
008777
048026
012736
047629
044823
013709
014555
018302
006675
045119
027355
041071
033779
042020
034849
027787
006760
016720
044524
024874
018961
003201
032338
047100
049293
045563
028515
046831
043856
035240
042369
009246
017014
011540
044482
049822
031242
027283
041660
037253
011845
042158
052177
023645
014078
050117
026062
044550
033003
033308
016617
003248
018826
007998
047991
028287
050921
009747
001752
028947
015607
024127
004988
050121
030412
040852
035268
001114
042823
030656
029924
009339
019688
000475
041630
002819
003608
012396
017968
016239
022615
041194
032686
040027
050087
021534
036461
036954
038845
009475
040174
010012
010609
050894
014654
003322
029874
042102
003168
048686
010055
004067
021034
047687
014467
000314
044754
030745
035159
032168
028695
050445
033952
034832
038847
051224
008214
029840
040818
000278
020254
041573
040078
032922
040627
029140
022392
004151
032847
030496
034016
024378
035154
012920
042256
011282
047004
045125
010848
010293
041553
002962
028398
027538
033460
036270
052370
043169
014697
023349
011507
001741
025721
021857
027151
028423
010984
021212
036509
016400
002286
017854
030188
046482
035016
022294
001454
004556
029719
018543
051368
044186
052337
022993
047458
017356
051027
007361
028305
006853
035554
030945
048963
045027
024621
013393
047551
016121
044149
007523
030598
018527
012028
042757
041230
042587
042415
032329
020821
027444
004714
032931
042954
016484
035680
006829
012850
041183
025125
048576
018338
035408
049139
025364
040518
033805
033292
021807
045779
036483
033264
049580
026971
037910
037373
042520
004414
036015
010257
015424
039289
008202
040924
039987
021361
010652
034568
016118
037849
035492
040089
041984
007648
014636
051098
016031
012494
024502
049002
047457
004399
040776
049400
043578
035572
013821
046576
016973
041669
033011
034460
010402
023904
026685
049439
000698
023544
000405
047216
045514
012205
028254
044977
041999
042323
039079
034823
047872
050346
027035
047816
028584
000730
050325
010137
044048
007795
045785
010334
021000
043170
031238
048142
051700
038230
033662
014768
019190
021687
009775
031049
025079
047970
050837
036240
007217
037477
031128
015609
017090
000114
009146
032534
005611
014002
027058
023050
024236
006145
017504
003358
026128
001838
041537
001571
014609
045274
033616
038382
011707
030216
042665
029338
031941
051254
038576
011370
027808
039983
022396
043720
026191
032602
049053
000727
020439
016283
004725
008783
020399
042507
033794
011587
014566
015487
016259
016716
041983
041265
050229
030442
051288
021654
001754
037607
025406
019244
016390
006258
031338
040649
008910
009842
034812
022356
029620
013874
019899
030796
022706
030360
039315
011516
010802
047434
001716
044701
022358
047101
007368
040390
020404
001110
002105
022912
031520
003090
044859
003263
044295
015073
011314
039488
001517
035920
036467
000826
033673
050922
045124
019447
036630
042129
042658
013578
019229
038605
032058
034541
013892
002906
005092
017699
042988
010812
001285
042978
008817
033955
009111
045234
040962
004703
046710
049970
000874
038808
002036
006331
002936
034984
014236
045394
000938
017677
025651
045818
049638
024355
034985
036985
041713
022181
041387
006436
042850
032934
021311
017016
011077
004964
021801
035986
046995
002852
007399
007405
044704
029435
034257
050268
002629
019960
020188
014335
020062
008754
000951
048078
039141
035114
037416
034748
033219
049815
016772
000789
022232
026982
028310
006094
027804
021304
024088
003362
024367
015503
020335
041304
001814
025902
024336
036924
016152
042550
037569
035968
006832
027722
029862
048854
007381
027166
032793
024142
025068
038515
028312
018915
018281
034323
029685
005079
026413
019175
015772
052201
049616
002773
041310
044644
013575
049267
050555
022064
007107
043039
044455
031953
050873
036790
018127
000414
016536
036520
031177
046382
015252
041481
044616
029356
011999
028838
030784
016975
011539
032507
019730
039402
004811
022661
043494
052373
034746
028615
012732
048829
040953
025709
008209
032950
018287
050130
025005
025456
015623
021208
005752
023125
013929
006352
016228
004973
047018
029229
014557
026630
047292
030712
004892
024707
026613
024273
041242
013647
030746
023728
049813
030853
042055
015656
000308
023281
046254
021619
007365
016771
018458
031214
048319
033368
000465
038305
003234
048744
048902
023521
037657
022225
033523
044084
048992
051213
000517
017065
010390
029041
037027
051118
044127
047651
037679
034957
000890
047548
048243
036362
014847
004998
004165
037252
030661
018787
030045
003223
001309
029160
006806
029822
044830
014402
010122
033302
042059
049574
012032
017632
010643
020134
015883
005515
044767
035635
014610
036096
026093
004317
026506
019119
019010
042444
018577
011997
015644
008763
042112
022938
010686
022685
044866
011274
039281
001247
025312
046827
018311
031483
034803
009270
048388
029535
026699
001679
022890
008398
040277
037460
018640
044621
009244
047519
000091
014435
023474
000547
011101
004910
018226
029635
028081
047144
025537
027751
010022
029461
003258
027392
003253
024327
028393
003272
044923
036916
000548
041732
017487
042994
051695
013826
026593
007190
028160
040654
013808
050525
021542
043622
028152
037770
044683
012364
002690
025966
022967
040927
048645
020661
008963
044782
019532
005348
001661
012544
024606
029421
030952
004700
006267
035802
045794
044329
016887
038743
003505
035491
011162
035917
010247
038662
028476
039551
014982
050152
051690
038444
030327
047764
011521
002156
000587
006409
024993
024700
009100
043776
029567
028791
017705
003727
003341
030524
050999
048899
014248
012637
034161
012773
010851
011919
020031
009589
038005
015290
028581
045595
029291
006462
000434
023333
000846
039611
016986
024365
042625
015625
049130
005740
006283
042317
033854
042734
049599
036581
040075
013562
012846
000964
047365
040768
044847
047353
027519
049057
027270
044268
036112
046742
050516
029895
038858
040429
014244
005637
020865
041094
017094
009791
007171
030552
030983
013488
026693
017607
022785
030294
039988
023004
009860
039102
010036
033314
034712
003542
017610
017363
025787
000499
034496
023185
047468
035956
020667
039447
009391
003377
035458
046451
029035
005318
024280
024395
032584
011128
036352
001906
031964
006459
048948
017608
023929
041080
009121
044335
048372
029149
003627
023011
050774
017097
008715
024988
018183
016056
005627
043664
043606
022907
022954
036872
049337
034017
022186
021616
016624
039605
044658
043735
000929
010629
011420
046370
031080
043373
023861
027230
044527
013813
015389
044262
035131
048281
009885
007693
028875
041851
011355
040679
039522
011941
016620
016995
009333
002501
000942
047595
040585
020802
008165
008503
003036
001892
038951
025134
039582
005777
050207
013552
048317
013871
037867
023785
002038
005501
041236
039186
031965
048737
044178
051587
051068
029114
038993
016847
036893
029094
003195
035703
049724
046361
011603
027807
017341
007044
003361
050618
021733
039393
037485
008906
021329
047633
010212
033435
004922
035642
023582
019088
046660
004470
015492
026240
041650
034679
043194
015596
048277
019259
006648
039554
049336
028976
010975
048810
015224
028101
019495
001033
046601
037721
050011
017313
008474
038692
023454
049430
019228
020016
033536
051572
017565
049444
007366
030261
049605
013168
000959
036051
022820
046620
041947
007483
039129
035870
015410
014387
005457
015670
018934
034187
005536
018477
036748
047067
030113
014552
015949
000943
042099
035468
002139
035895
039665
016113
022408
016512
028106
021947
011640
019315
022560
040248
040782
031849
004256
024506
037365
042492
008117
008472
001468
013105
029104
026834
046632
045643
040752
041488
021855
039563
018731
000210
007293
031477
041493
011307
038852
008273
012451
002616
034129
023614
042677
011616
012894
033329
052295
018234
000809
042624
003502
026341
037283
040557
004623
012278
052116
036747
023211
049582
024994
025617
044537
048749
044882
028654
028787
022988
002891
027870
034474
009249
050037
040083
013897
031556
000422
000058
012471
047908
014803
036286
007892
032555
036332
025767
015573
006979
007119
033646
017593
039228
005762
033532
021221
030921
004960
041662
011034
023423
046905
036635
043009
051375
015910
039971
004160
020191
032689
040223
012878
026651
037698
018324
015341
020389
001768
026046
033265
023927
051397
048545
042657
019860
047313
037262
037281
019745
014224
045153
034772
051887
045813
005996
032821
041335
042996
026174
022404
031513
027340
033489
037695
005462
016916
040726
052112
045931
048065
034513
036670
031760
000772
005931
006943
005453
013571
005983
006847
005754
042136
000463
023136
047704
021335
028486
045804
046134
024230
046936
026605
004834
006769
035054
016690
038228
036788
020932
051441
018911
025470
032593
049578
021611
021150
020962
027206
019202
041952
044088
036867
030302
045887
036423
051883
032436
000526
022131
040000
029739
020788
021809
020112
044145
024950
043930
008190
002122
014619
050191
044299
025491
037220
038042
034083
049382
013312
008517
041103
042245
034050
019718
006518
030432
036884
048757
003817
020407
010745
032947
010328
043893
020208
026976
035929
000096
021300
037508
003772
037474
005785
031441
002409
018928
047026
047161
015242
039882
035547
021421
020997
046318
013003
031995
033934
034268
022674
051576
004296
002151
041416
003655
002767
040496
040364
030711
048101
018556
030254
040753
033097
037196
012587
000728
020092
012149
023337
042089
014663
007674
046092
049428
025003
000518
045330
017136
039123
039729
027288
041046
029445
019546
038295
042569
010008
021738
048211
008036
025417
009720
025841
028780
032981
009820
032964
043438
042768
001677
004340
033028
033129
049263
020585
021730
040911
038843
005843
002717
009209
007245
009562
006828
005045
050769
005299
043047
039927
007331
007738
026734
031671
019017
037753
046427
045950
038878
008544
044429
018348
000430
005048
037364
044232
031402
021038
045471
001035
040057
045965
000688
029855
015834
034369
010635
034609
037074
023584
026753
017491
034931
016835
023849
030922
017955
014516
029839
022789
035153
019930
039060
021386
008136
037530
045075
018760
052165
049901
003662
030565
017954
003312
013641
024248
042555
032257
018249
018725
038174
052038
005726
012188
018308
049812
050664
042837
047439
050032
006842
040935
029474
013247
046635
006756
012710
004409
050644
008199
009124
047368
018880
027164
017064
014949
044987
045299
015281
010726
032493
001579
032523
020994
044270
038410
020565
041466
002895
049374
042807
014360
049042
028054
003971
013846
001142
006132
000052
005638
014696
043629
048469
021559
046804
015477
039846
025028
021819
024674
014066
038512
026032
035286
039467
004227
001808
008975
030778
028892
046962
041277
037288
038073
010828
010682
044236
022534
039540
023188
011472
040282
051898
033876
047131
043114
005320
040407
025624
015293
003864
007871
036666
043409
047672
036855
001000
020605
052141
037609
017080
049362
009097
003682
034176
049221
009153
020069
039322
003173
020149
010366
006455
033407
042913
047082
008549
043420
031737
041383
047480
039746
017352
051108
047446
018035
009126
020734
033623
042071
041285
014862
015196
037965
021282
023671
011676
012759
048395
039719
046045
013469
007105
004991
007712
043811
007445
045679
004129
022253
036359
026960
025220
013018
047895
026669
041914
051065
038353
030522
051926
040039
028691
046537
039353
015775
031984
019648
038643
017978
007686
029282
027605
022046
014940
012060
030547
032551
046870
035102
035585
005406
052065
024310
021289
040630
017581
002737
035343
013785
004270
040900
017655
018871
030941
013197
034677
042242
030440
000282
050617
005485
019311
038558
048698
032253
039735
029805
007148
031664
020130
012835
013273
047862
014020
009537
026477
035658
027013
014554
032238
013738
043556
048172
033762
013043
014593
008837
043026
009383
045096
012168
007283
041558
029490
008566
050041
039842
014036
030771
043844
014000
028563
005525
029480
038894
001402
031744
038552
047994
004722
019490
000049
005582
009844
004144
010074
043961
022623
021327
033394
041918
029556
008821
025338
010037
050156
013798
014013
051076
029289
031354
014932
050122
028315
018810
010450
010164
021876
041199
003006
031698
023317
051443
052151
012955
002414
025711
040570
034393
006521
045100
033827
008420
050780
032369
007572
040722
025308
001562
005103
017086
026558
012913
009461
006090
036420
029825
020687
020502
018719
011805
051137
027803
005783
001843
027111
008246
033093
015548
012435
016777
046843
013369
018857
029728
038895
015827
045762
001725
002342
012454
027979
019815
046217
020152
044441
018165
034478
029558
000216
000924
051341
030834
048661
047477
044884
010728
011624
051697
039604
035737
004899
019063
013342
012380
001236
026323
030322
007971
040299
011875
031251
028810
011087
044732
008212
029724
049234
048029
044497
001389
016627
046275
029378
023881
021270
017412
025196
010411
051399
007856
011176
019508
002561
038602
005733
033458
004767
012217
043716
004653
034236
016360
042969
048049
037285
048447
016473
040042
017075
003719
042283
024431
052345
006729
034839
027012
016573
042049
050341
030415
029883
037143
042873
005423
012716
010671
045181
021852
016206
042062
046088
041771
004721
015887
048114
008709
032963
011535
020236
015250
014389
009131
021868
025806
011921
031003
002411
005446
024187
013402
041540
002929
011468
024121
024873
039381
022487
040639
044953
010399
042763
027468
006375
042540
014885
012287
019459
013898
008734
036323
037138
022564
029733
031661
026438
035811
006349
034360
042808
044846
007936
017206
036176
037393
017409
020895
049922
010463
007470
041876
039465
018241
006021
017712
018330
038588
017994
021455
010077
008891
045775
009926
018399
037646
039583
001453
026278
024931
032644
028244
019859
012823
002812
034638
043677
026678
038240
051861
000360
018486
012957
041814
025497
025429
036904
043250
036029
008130
016981
002645
035494
043060
039829
024566
028406
044310
018771
034112
034322
040663
029251
015926
003983
023485
033483
045746
035724
035734
001333
044813
007751
046296
001149
004994
009660
030007
035793
041393
044097
015460
044763
051398
013649
018866
015495
013959
046794
018531
041738
007527
013217
042391
022154
028856
042147
042829
038415
037259
025848
002542
022956
020535
034201
031337
048011
038468
018011
038960
035569
047624
041941
014828
003494
029681
046181
035541
004559
025853
048625
021360
003872
031306
014877
044609
042861
030314
041898
028016
048775
014643
035080
032959
012900
008688
034735
052109
027057
006667
034483
011683
035333
051264
009039
018103
000243
007153
004372
046424
029879
033157
005600
006054
037826
012485
042178
036369
049700
049215
019062
044211
018741
047153
005716
034651
035011
015547
025195
009002
048231
012489
046352
036817
040695
019394
015433
046050
034163
028862
004441
034080
044558
049435
023161
003509
050688
032299
012326
047065
031381
017430
009751
023663
008005
029143
043982
002442
049504
014665
017479
045524
016917
007172
029703
029345
022236
040165
049111
031417
017494
027131
027117
029130
030352
045669
029150
042083
019496
049260
042522
019200
003202
001481
034405
039871
029824
029153
012010
002000
031457
008812
003382
042965
040175
049202
031785
013049
039899
013316
027435
005987
045938
027335
052371
027522
038242
002899
042819
025283
016820
020095
006322
010829
013454
014887
021371
027894
050505
039130
007182
000795
014475
001329
029199
010715
028172
036214
016891
039387
029220
044832
044156
049368
007739
004764
018465
006212
022713
036799
028211
029798
033960
020759
042028
049841
031855
007770
035449
021331
048653
004467
007964
019500
002145
041382
014321
035623
032620
032856
017489
034338
033607
046113
016901
038560
013909
035035
013989
050700
025840
046634
033450
047283
012681
028314
035742
011497
030525
037295
009058
028396
037755
030818
037214
000617
044370
048470
012286
022613
041539
009085
042816
005613
015205
052289
030278
001558
040066
001163
033134
014937
039250
021064
046589
029510
050354
022216
009811
017943
041086
020479
049936
003844
047614
025616
006279
033149
050337
038759
036506
048228
045980
007848
028742
044082
005954
023731
025027
037063
032680
010285
038979
043367
014849
046846
045332
024859
023560
001077
016419
022777
050085
044691
046348
006525
040362
040218
030298
024882
028114
005157
033167
045048
027533
041525
023903
018830
020357
046222
014230
030238
006168
049959
037865
032648
001065
001235
019740
017477
009525
020636
030391
017859
043589
016836
034020
050588
020935
029770
032711
006621
036064
014464
043519
032270
021051
025682
022070
021547
008540
042488
022780
024284
041237
031350
004939
045452
037932
039783
040140
021087
046077
030599
043781
039312
017850
040832
002746
027350
002524
006407
025785
031064
048245
019831
013320
042422
024504
012702
041523
011437
027975
031190
044177
005381
026263
041435
026233
046163
032274
034122
001837
045555
019811
040388
015256
048106
012893
032301
034488
014787
009580
002982
029843
046434
017731
000496
005946
040117
023424
012469
023304
037748
014972
048242
024752
051385
016123
042845
024014
015634
006877
044988
019364
007543
047662
024103
019118
034607
015933
012232
036381
031091
033890
009752
006986
027721
044938
049131
052302
010003
007058
016541
030938
022507
030117
037406
036231
003723
019630
046546
011705
011568
027626
046612
026744
018396
031798
020383
008694
024638
036977
017483
015669
026051
050572
043452
022030
040284
036026
026036
043852
000524
035308
012183
026276
002448
012450
047706
006410
022303
011907
013914
043539
029139
013298
044949
009196
002679
011125
026195
047760
025935
050497
020644
051762
035053
026193
009322
027739
051363
044435
024363
019921
037403
003373
006247
031263
042199
044378
001362
032941
027287
052162
019585
044842
014165
014790
009845
019556
013444
030111
052055
022084
005682
021535
002167
032116
026944
041795
041130
026589
011354
047108
001730
005162
000047
013284
047285
043116
002973
046412
015002
010193
044680
037689
036192
019779
041890
009493
011494
031249
003128
025403
015459
041834
023291
014112
037680
034842
003011
006248
034415
002905
050153
044867
030474
042254
052010
044533
033540
005349
004231
047193
007369
051675
025507
048721
047571
024615
046179
035050
023968
008622
011760
026420
046779
030408
032031
008627
023611
010448
029293
041464
032492
040580
032225
027228
010637
017233
005007
042153
033177
013835
012634
039856
049977
048549
051654
032167
039625
046340
012192
035770
045195
012420
019696
013201
007819
020469
003461
006541
045474
026416
016251
031098
008441
045121
025549
011069
019964
002372
010112
046536
000036
028110
021181
031215
044874
038390
038098
018358
032352
022765
045641
035754
008380
049553
018187
011813
034538
002909
018206
029352
024305
010920
035442
038850
052119
052028
049762
046079
021445
023205
017534
044771
045826
005828
046066
033959
050108
015150
051416
029042
002212
037874
025639
006048
007939
041388
003908
028293
009426
016570
028686
048149
052378
036989
015222
004726
046108
009231
009015
019683
020975
001547
029931
013310
021326
008965
027116
043936
031716
033008
002681
008220
036237
045610
001719
043747
000787
036340
022596
032588
030464
038205
038236
010209
021731
023555
029804
050520
030545
046200
028647
039548
037418
017502
047072
021179
028514
044567
043112
020650
011914
026897
034558
039133
032136
041550
047710
014805
030044
003427
022920
027496
047635
030368
028002
045710
022677
040098
022394
014400
021737
050637
033309
013770
040617
048929
017382
039984
027617
024246
038490
044774
048396
021944
046944
040888
022548
037725
043025
049463
000560
039396
049125
049707
043868
023685
049849
027144
044138
026999
009195
030311
049122
014965
001052
009651
019430
008890
021577
002691
024394
010788
027112
014146
049612
049418
008614
039905
017718
022245
010988
010764
019284
026809
002262
021690
022997
017920
014298
039599
010207
033615
034777
017187
015538
040715
019797
040372
052017
042359
019130
011548
015230
020850
027833
044286
005309
036484
026479
003078
028416
007710
051456
042590
032015
027305
045469
052023
051699
012176
019618
026881
026059
008066
036706
036300
024722
028699
007761
018057
050218
033109
026878
045286
050760
024896
038112
009095
041496
000662
049399
045308
014520
004427
038817
050173
042803
006864
046796
033635
030237
046645
030693
036774
001259
023598
002593
029179
044756
021507
023416
009528
038306
016889
008295
039115
015823
021436
052102
003125
038756
004128
019058
006612
000949
024594
025856
001256
003959
039550
017862
019223
008857
024116
002960
052136
002576
001976
039510
003419
021650
026166
033367
032984
026692
034280
029656
039475
035948
048830
002134
047443
028707
042703
020658
007690
048067
014061
049339
041164
012277
039375
017523
033044
026423
039267
015362
025059
042298
009828
043015
028957
046740
033664
025503
004408
026656
025256
048278
007244
016692
024661
003581
016489
016780
033036
019065
002505
007987
047010
017217
028153
029965
022871
047414
000779
011001
030116
030696
047685
022112
044586
038987
022515
024009
002279
003827
034367
022428
048959
043334
003028
038099
020061
023486
029396
031059
042528
032909
008674
034650
007062
012862
042376
015086
002757
003612
046759
036097
028532
015339
043620
008426
041589
046289
017234
024567
031454
028914
010000
049467
017416
037645
020983
046010
006167
036805
013791
025872
050379
001690
019309
006149
022121
026650
020809
042718
028752
022702
003671
047125
012600
050562
038281
038970
019479
049516
042282
008701
014594
040226
048515
042116
014038
004572
049518
031449
028585
006098
033414
048117
004933
023001
050991
007583
044428
023925
020416
019382
029478
002345
047189
034779
018164
049103
023675
017344
044957
000385
050327
032165
036528
003514
011720
049165
000591
043347
032471
041676
050471
033860
006214
017938
000889
005030
019646
004135
