005553
005537
006007
005592
002884
006089
003012
002627
002655
002302
005005
003163
005126
004761
004552
003111
006880
001468
007356
006292
003359
005795
002375
004584
003813
006861
003274
006253
007039
005305
005798
006893
001486
001815
004919
000998
000243
004231
001849
001293
006571
001757
004102
002834
003241
000680
006361
002072
007298
005520
004211
003912
000513
006878
003336
004936
000009
006150
007066
003595
000621
001779
003044
002125
005861
003198
005833
006431
004333
004602
000972
001159
002967
004627
005858
004184
002465
004192
006504
004292
003646
002566
004951
006809
001059
006526
000697
006318
002597
000582
001452
004590
002195
003380
000348
006323
004127
003388
007057
001695
001453
002213
000978
006911
005205
006203
002650
005294
002395
000349
001366
002688
004495
000205
005868
003263
000171
000390
007446
001912
001799
005694
000470
006414
005245
001041
002032
001223
001975
005418
001598
003036
004279
003850
001554
000982
001696
006113
003060
003673
003942
004597
005134
002939
006998
001484
007451
006261
005060
006984
002247
004643
003362
004461
006216
002559
004135
006622
003664
005025
005953
005376
001691
003439
001510
000578
001841
003745
002080
005463
001057
001608
005432
005778
004616
001690
005446
004982
004571
002768
000484
007358
003648
002596
000955
001160
001399
000185
004235
005967
004733
001032
001639
001204
004857
006329
004675
000861
000325
006653
002493
007393
000901
006979
007460
003843
005043
003125
003164
000886
005789
005270
001479
004544
004141
001655
004546
002431
003792
004479
002083
006143
000887
006961
005352
006554
000456
001496
003680
005388
002106
001857
000947
000586
006037
000255
003861
003976
005044
000198
005959
001186
004133
004005
002898
000435
007379
001038
005797
001210
003218
000593
006566
000685
006929
005009
005756
000462
005089
003479
002456
005258
006223
005132
000870
006457
004736
007282
005628
000829
000652
007105
001364
001126
001482
003821
000584
004376
006020
006422
002264
005622
001473
006490
003329
002109
002289
004201
007438
000753
005550
004287
003797
004267
003205
007188
005047
004471
006398
003786
006303
000851
007126
006642
004372
007476
002274
004820
000095
001993
005358
005340
005693
002051
004703
003128
005665
002471
005042
006092
001300
000681
001911
005609
004623
000643
001949
004663
001614
006784
004701
000276
002394
005290
006821
004262
004662
002335
005235
004088
000275
006295
003642
000941
000890
006172
002007
003195
001080
001623
003184
005691
002576
001165
001122
000280
003761
003253
002882
004754
002554
006831
007107
002739
004592
001459
006421
000570
003390
004463
000411
005645
006857
005896
004971
004381
001310
002150
005715
004786
004522
000105
003086
001734
002617
007474
006546
006404
007075
005802
005924
000918
007111
004741
002020
002271
004555
002779
004218
006022
003267
001988
004408
003918
004771
003132
006193
004399
006657
003059
003344
006378
004886
005016
005897
004894
003339
002983
002799
000532
003602
000080
005171
004854
002643
007306
006428
004046
005641
005779
000957
003463
001238
000060
001578
004536
006188
003416
006779
004165
004411
000222
004897
002006
003473
000338
007248
000686
004354
005705
002842
003472
005890
000813
006492
002236
007234
000631
002339
005216
005402
003853
002676
001464
003256
002704
000864
000553
004167
001850
005849
005529
001609
002591
005937
005987
005438
006090
003789
004840
004619
004103
001620
005401
001789
003083
002030
003754
000217
000049
002864
006684
003345
000846
006257
004445
001653
005701
001687
002312
001425
000441
001326
006735
005895
003041
002547
001601
004877
002227
005210
006192
002453
000987
005364
006746
005150
007314
003176
003200
001361
003258
005118
006443
001456
002938
005823
000431
002965
003989
002323
006255
003995
006390
007197
006740
004056
006838
005022
006513
002379
002555
000842
000434
003376
001678
003849
002095
002204
006630
003846
000267
000547
001492
003566
006392
003512
001493
007317
001607
005575
003699
007108
003638
000375
006160
000574
006896
003783
004906
003919
001641
003759
004558
005771
004674
006545
000599
006320
006750
000770
004750
002117
004410
004827
005780
006584
002698
005655
001981
002560
006065
005734
006319
000693
000534
002281
001568
000259
006335
006019
001956
005012
003437
005605
003639
001029
001297
003398
005567
002096
005626
000563
000148
001322
003279
002238
007249
004774
004233
007148
003911
001520
001793
004347
003578
000316
003500
001811
005850
003215
002240
004451
006606
001866
005524
007390
005667
000096
002946
001327
002665
004559
001630
004605
003486
003360
001003
006094
002230
000649
000712
006463
006224
002766
005183
002691
000656
003670
003173
002614
001174
005845
006826
000962
006141
002770
000540
001392
003572
003452
001030
004828
003261
001593
003597
001408
004560
002537
005612
006511
005568
006018
000088
000487
003876
006236
005503
003317
007156
001796
005696
000671
000471
005428
000791
007073
007296
006864
002226
007368
004856
002708
004595
005456
000945
004097
000074
007090
005578
007432
000287
001688
001509
007121
004637
000003
002317
002778
005508
005848
001378
003119
006180
000641
001663
004488
002940
005408
000950
003700
001169
001093
005277
002244
007196
006801
005860
001197
005382
004882
004784
006728
000331
005011
000758
005491
006310
005354
005871
000906
003542
006049
007270
003994
001816
004139
004024
004058
003650
003833
001164
007461
004970
005767
002059
000232
006489
006230
003155
003933
003637
001743
003615
007160
001930
006178
001669
007297
001436
006867
000424
002629
004550
006949
000585
001256
006495
004702
000896
000439
001531
000914
004219
001595
002358
006304
006523
003501
006363
003072
005936
002821
001895
001499
004681
004080
002904
005945
000032
002851
002212
007129
006921
004436
004533
006510
003953
006359
004382
005697
003297
004833
004070
001073
000254
002321
004380
000160
004013
000711
003413
004442
001788
004266
003212
001534
001440
002762
007307
000221
005104
002912
005066
005478
002969
000839
000100
003844
003693
006159
004017
006011
005425
002039
002990
001530
005496
003776
003900
001785
006119
001661
001184
001871
002253
004991
003361
005831
004604
001301
003867
004177
002342
001556
001944
003457
005774
003462
006387
002871
005761
007245
000934
003264
004019
006284
004758
003674
003334
003951
006799
000627
003617
007020
000018
004193
005517
001637
005792
001137
005212
003815
007096
003017
001040
006373
004505
003377
006680
003494
003785
003819
001200
006787
003603
004431
000214
005231
002269
006479
007313
004607
003002
002480
005130
003113
002860
005152
002689
003704
000157
006494
001110
005866
007372
003328
006174
006231
005361
006262
002023
005835
002512
000466
001725
002066
006000
004837
006985
002133
004400
000898
006480
005131
003598
001922
001708
000101
003206
004727
005788
007312
006840
003698
004037
002448
006358
001156
004826
006538
001686
006918
005414
003555
002063
003290
005646
006528
007104
000954
004268
004225
004145
002647
003730
005870
005351
002360
001393
005884
003640
003051
006963
000608
007179
007251
007193
002496
000400
001130
003832
005173
002221
005932
003191
000075
000146
003320
000012
002642
006448
003246
001401
000688
006017
000633
006241
002981
001202
007254
005380
002194
001955
001258
005674
000358
006875
003968
005099
006587
002649
002807
002700
004922
005264
003626
006134
003599
000880
003955
000830
006079
005722
006308
005598
004497
004809
002771
000707
000828
000460
004911
001414
005817
001033
006585
000549
000022
006883
000068
000158
000087
003299
005716
005825
001523
007370
000598
001288
002714
006539
006509
003613
000144
000580
004466
000264
001657
003268
001512
007170
005934
003714
005775
005989
005186
003722
006350
004006
002670
004432
006376
004240
004543
001913
000936
006293
005239
007366
004842
005374
004378
000787
005003
000607
006214
002288
007281
002684
004331
002374
000086
005902
001418
003966
006362
001906
005711
003374
000845
001672
007452
001031
005562
002813
003838
003625
005541
003790
003947
006147
004819
002097
002263
005398
006665
001168
006101
002652
006941
003606
004182
002178
004147
001838
005862
004572
000244
000594
003314
007425
002311
002270
000461
002618
000099
006983
002718
005243
000968
007147
007203
006400
003121
001847
002968
006704
001220
001539
001181
003773
000531
005435
002098
000507
001369
001368
004973
007218
004631
001020
005776
000989
002897
004234
004283
005530
003675
002070
000442
002055
003441
006736
005908
005286
002949
007406
002077
001832
000165
005928
002736
005324
006076
001553
006689
000164
004296
004834
006830
000762
001842
001971
003100
000891
000178
002909
000715
002705
006600
005367
001973
007114
002149
001028
004957
005604
007399
004793
006485
001873
006705
005254
001784
002099
000034
002441
001362
001282
005196
002623
004236
000112
006952
005303
000724
004641
002318
003123
005692
004789
001939
000777
007431
000726
001957
006309
003586
006795
001968
001005
001024
002222
005644
000044
006242
000029
000872
001819
001792
001791
000609
004524
001961
006859
003743
004664
006672
006158
001036
001612
001343
000868
005091
006923
001171
005990
003987
007465
006926
005420
000857
003354
001348
005865
001679
002009
000220
001540
000286
004781
001064
003008
000313
004554
007013
002780
005020
001899
006697
006206
002517
001465
001475
003857
003382
002155
002865
005137
005046
003356
003904
005627
000786
003990
002732
007116
002331
001373
006640
003171
002144
002751
006487
004997
004642
000836
007058
007293
005223
001079
002498
004054
001324
007365
006579
007099
001599
003526
002542
003929
004915
006905
002733
000131
006157
003130
005606
001638
002817
000927
003744
004913
001962
003548
002872
002862
002579
003963
005285
000084
004704
001903
006069
005950
000371
005475
000295
006616
005097
000202
006205
005675
000432
005506
003709
002275
002972
006594
005490
004203
004093
004106
003592
002406
007428
003333
006458
007295
006055
007338
007346
000110
003427
002162
003178
006599
000277
003023
001914
000654
007341
005006
002738
006817
007239
006552
000937
002350
004916
003340
005436
002069
000640
004823
003765
005283
002929
003513
000834
003979
003997
003845
001700
002956
006081
006544
006848
001681
003663
000121
006383
002326
005521
006810
007373
003277
001103
004690
000145
005344
007124
005228
004355
005993
002595
006790
006951
000575
006279
001673
003784
007191
002550
002513
003508
003518
003282
000306
001325
003810
005492
002616
005942
002874
000177
002436
007216
006615
000417
004020
004563
005302
005637
000445
001809
005726
004498
007195
007025
004500
006347
001351
000606
003952
003349
006946
005516
001112
005215
004455
007211
002421
004980
006671
000687
007189
007257
002003
000529
001313
005291
005416
003752
000114
006191
003865
000833
002551
002887
003451
004785
005753
006268
005357
005462
002777
001321
006986
006687
001668
000299
000296
007269
005370
005165
005023
000467
003884
004484
006846
004199
005737
000902
001494
001056
007045
001142
001723
005983
006408
001370
006149
006939
006904
002703
005686
005880
004361
003983
004977
005362
004968
005752
003922
002754
003734
003973
005320
000038
001532
004099
007444
006460
004146
003498
006140
000713
002231
006025
000113
002416
004760
005433
000605
002553
005502
002092
000189
007190
006502
005781
005098
000193
005940
007301
006675
002390
005250
000668
004606
000258
000673
003733
005394
005585
004212
001921
005373
000067
003021
003510
000041
007224
005395
002481
006450
000458
001285
004978
005100
004712
001212
002482
000030
004043
007220
005092
003801
004865
006688
005891
004945
005512
006053
002114
006209
003581
001826
001747
003278
006120
003725
003908
006991
007457
007167
006661
000389
004015
000136
004217
006064
006471
001950
004577
004468
001406
002687
003695
004778
005193
002523
003893
005411
000425
004780
003594
002147
003049
001034
002952
003720
006207
001860
005383
003858
000888
006707
005629
001433
001891
007231
002134
006264
000271
006256
005225
003875
001769
004796
007386
002668
002313
001276
007017
003612
005723
006234
006851
005718
005393
003431
004940
005454
001312
001157
004273
004654
003795
003193
001460
003245
003569
001227
007414
005548
004029
003660
001767
005549
001965
006290
007192
005051
003971
004803
005624
002199
006927
006212
000924
005828
002989
005535
000622
002501
007086
002451
003848
006683
000326
002494
003930
000300
005836
006285
002664
006601
004866
006663
002589
000405
003993
004159
000755
006972
003657
003271
002401
002146
004387
003721
006743
002927
002223
006888
002578
001790
005469
001430
003944
006933
006299
006153
001109
005033
005204
001417
006170
004593
001506
001100
006179
003887
006155
005209
001062
003895
005257
002508
006749
005791
004925
002285
005621
001290
005561
005464
004747
002443
000808
002571
003149
002639
003063
000138
004507
004844
001082
001124
007286
004170
004872
002355
004014
002261
001170
005356
004656
006700
003717
006958
000109
001624
003335
002533
003460
004194
002437
007471
006774
001403
001581
005421
003824
001434
007206
007455
000637
001328
000882
000538
007367
002447
004964
003791
002784
003348
000814
000026
007102
004112
006072
004073
006499
005980
003016
004274
003371
003436
006957
003888
003186
005403
003576
002838
002181
004448
004395
004371
003098
006775
002701
007441
007097
006330
007123
006706
005838
003147
006562
001098
002573
003160
001277
007064
001474
002412
002659
004884
001491
000933
000172
006419
007388
005875
004625
002941
000523
007417
003565
000016
004723
005439
000111
007243
000368
005574
007429
001250
007001
004538
003585
006668
000045
002343
002822
004805
003157
007362
002759
001551
000228
002203
007134
007070
007305
004181
001476
000562
001584
006021
004515
001422
001580
005966
005764
001490
006673
002402
005497
007321
007077
004545
000820
003262
005547
002857
004575
005678
000253
003468
001279
000233
003917
003589
002837
002932
002622
000757
005583
000905
004379
007276
004775
002774
001315
005030
002782
005007
004039
000550
003378
000900
000520
005119
004965
002305
005327
000629
003077
004023
004230
001544
001358
001060
005998
004535
001423
001519
003089
004653
006325
006218
007223
001918
005773
006610
006915
000913
004351
001215
001072
006916
002296
000925
001151
001753
006543
000817
001739
002403
004824
003925
002592
002514
004317
003476
005468
006608
000013
003442
006970
002913
007472
000632
003509
002084
000565
004453
007241
000827
003201
005355
005203
001211
002996
005888
000824
002567
001882
003115
005842
006004
003234
003227
004512
001429
004476
001571
006639
006766
004561
001908
001190
006401
006367
006430
006413
003537
003644
001121
005018
006969
007007
005832
000935
005409
001462
000073
006412
006902
006620
002426
003840
000200
003564
000423
001298
005192
001748
000835
005154
001413
005400
000733
007268
000929
003185
002157
002468
003829
005317
006145
001541
006217
003326
000856
005654
001845
000083
004464
002869
005504
006965
005259
000285
004661
006919
003694
001316
002316
000180
001938
003546
002018
002435
000150
003758
006845
000304
002716
004328
002906
001420
000993
004394
005766
002943
001974
004449
005651
001264
002252
004047
006940
007041
003391
002373
000256
005035
005929
000710
000665
007118
007155
002444
000552
000965
006166
005608
000318
001360
001575
001836
005151
004509
006681
004344
006892
004510
004473
002741
005721
002105
003590
006805
005419
006865
002452
002400
004678
000701
000664
003978
004677
006397
001449
000858
003189
002249
001311
005102
004057
003238
002609
005804
007024
003851
006652
001652
007237
001947
002184
007009
007004
000775
002354
001636
005160
000525
007479
005440
004066
002662
002922
001834
000690
003286
005636
006776
003108
004389
003093
000330
002660
005123
001728
005061
002518
000043
001692
007404
005830
006974
002658
002198
000488
005142
004506
001518
000760
001085
005332
000666
004086
007418
006137
006175
006920
003910
006722
000996
002593
007228
004359
002417
003921
003363
000245
003068
005614
001385
006197
000883
007101
004358
005846
004767
005851
003381
001354
000125
001550
007264
003636
002242
002527
000426
005177
006827
004899
005813
002033
000676
001379
007137
002237
004579
004339
000497
005816
001561
001685
001302
000054
002090
001558
001935
003741
002933
003871
006056
004078
006757
007355
001901
007357
001642
003014
006644
004923
003070
002349
004779
002217
000344
000421
002268
001738
004794
003628
006226
006129
002197
002672
001865
005615
003037
002776
005992
000860
006225
000412
000154
003593
006869
001716
004409
003591
003477
004198
000579
000587
005096
005539
002819
001367
000675
001023
001340
002792
001483
001833
007316
000576
002697
004315
002408
004416
005178
001001
005084
007459
003120
005930
000241
000384
004030
003507
000739
005995
003285
005085
002561
005499
003009
005238
001805
003665
001016
000210
002430
002723
005451
000785
005169
005772
004071
002624
005554
004123
006291
002031
006073
001622
001323
002515
001651
003742
007334
005353
000603
007427
002734
001349
004272
003999
003091
001698
004676
006124
003237
005599
007040
002489
002410
000130
007141
003842
000000
002678
002816
001400
002024
004912
000240
007181
001262
001720
005261
007094
004621
002798
002859
005872
003863
007128
005269
001559
000764
002791
001604
006967
000646
002835
003244
005564
002192
001320
004276
000014
001843
004334
005195
001074
004413
005293
006389
006461
007044
006271
006199
005810
005048
005488
000537
003514
002297
003026
006648
000334
001987
007171
003672
006607
003545
002041
001503
002214
003516
001572
004169
004208
001105
000960
006277
006912
002060
004967
001812
000079
000577
002936
000663
001196
006189
000071
003307
001280
004459
004594
003097
003731
003766
000689
001827
006536
005679
003458
001047
001879
001992
006082
005288
004264
001061
002873
005509
000046
001674
004178
005129
003105
001618
001953
006573
001470
000501
000127
005647
002467
006724
005300
001402
003549
002868
000133
003561
004751
002907
005232
005964
003882
002743
003505
005346
001515
003836
002610
001902
006281
000070
006006
006184
001394
005951
002459
001976
002632
000638
002371
002535
003906
000794
005117
002992
003749
001229
002536
004802
001428
002605
004183
006254
004069
003696
003291
003687
001052
001628
003740
006702
005815
000602
002998
004229
002970
004617
001390
002832
002210
005266
001219
006788
000091
004308
002026
005979
006824
003154
000720
007036
001319
004755
003551
006501
007361
000123
003383
004729
002587
006699
006449
004930
000219
005253
003081
004018
005769
005526
005976
000623
001175
002544
004090
005874
006447
005263
005684
002208
001231
006138
004332
007213
000367
003140
000387
004614
003868
007035
006966
003831
000818
005527
000120
006328
006609
003935
005681
004847
004987
003092
003954
005207
000155
002524
002634
003196
002175
000149
005968
005973
002205
006132
003596
003825
003332
003475
007142
007387
006823
003560
002975
003117
006296
000380
006298
006105
004247
001963
000051
004412
002141
004696
003095
003656
000661
006051
001874
004257
005083
002849
006717
003084
002409
004812
006988
001500
006252
004467
006201
002487
003796
004950
004939
002016
005500
002679
001798
005224
004084
005493
002608
007408
005071
006035
001505
004728
002464
003342
004114
000444
005455
005522
002351
004427
000735
001775
005768
002172
007050
004115
003414
001644
000990
001677
004180
006259
003774
000539
003577
003454
007324
003273
001247
004580
002126
001806
005339
002265
004869
002973
000705
004151
002899
003903
005977
002637
002667
001671
007113
003384
002129
002445
000057
004031
003941
003817
006793
004428
000292
001907
000082
004062
007308
006108
001335
003985
003372
002852
003523
001766
004635
003446
000518
004876
005569
003249
002466
004053
003143
004749
004320
000651
005690
004601
006015
003015
000505
001357
004035
007060
002361
000322
003387
005749
004176
003974
006456
002324
005295
002507
006527
005146
000865
006091
005412
004955
005387
005742
000788
004134
002171
003151
004961
006239
002064
000749
006336
006112
004583
001759
005248
001659
000502
004322
001724
003538
001000
003710
002781
007143
006080
003294
006708
001870
002731
002923
006617
000447
002116
004518
006727
002484
003532
001803
000410
006221
004325
003248
003243
002918
002522
007348
001830
003991
003949
005501
003445
005059
004405
004297
002607
000789
006825
004952
000064
002921
003303
004238
005611
003587
005886
004166
005087
000892
003169
003525
003168
002301
003877
006605
002823
006931
003936
001161
006995
005648
006834
005943
007062
006718
002148
005946
002769
004060
002309
004765
005750
002808
002322
001166
000511
004478
005027
000017
005220
004798
001770
004313
004417
002671
002931
006716
004801
001240
003311
003681
002259
004216
004628
003158
004200
003967
000797
001731
003619
005106
004878
002790
003957
000069
001951
006128
000744
001730
002470
006575
002104
005507
004503
004586
000474
001283
006591
001233
007184
003104
001404
003685
000556
004504
000992
004075
001504
003727
000910
006109
000522
005111
005666
006375
000977
003166
000730
000162
006894
001649
000793
006993
003455
000714
001810
000317
001383
006459
005407
001876
003855
005533
000959
007093
003889
007151
003400
000919
002854
004757
005272
003959
000903
002381
004890
002047
003209
001338
003713
004252
003780
002388
004197
006402
003220
003459
006748
003420
006820
002328
006162
007332
003570
001744
003940
006220
002061
001736
000433
005281
004992
005904
000257
005116
002190
006313
005974
005399
001889
005837
007046
005331
002491
002843
004565
003988
003701
003284
000994
003018
005543
006171
004870
004514
004386
006251
001910
002267
006814
000129
005748
002256
000514
006352
006326
003493
002469
006947
007173
005202
003575
003069
003768
001044
001045
007185
005211
001915
004659
000342
002803
001760
005661
001548
001341
001128
000742
006500
006572
006557
006996
004933
003078
006294
004937
001958
000227
005470
002750
001570
002915
007392
001543
001119
004719
001278
006621
000406
006550
003260
002040
003823
002145
001117
004908
004795
000975
001444
005247
000416
000855
007378
004772
005663
004012
005799
001087
005326
000783
006763
003862
004261
006183
003223
005688
001896
000738
005519
000449
005824
007354
005442
000895
003270
000364
005991
006769
001447
000184
006438
005844
004841
000036
000743
005759
005480
001048
005397
006181
001004
005898
000799
000557
007250
003433
002396
006580
005518
000867
001208
003556
002180
002850
007263
004365
007159
002154
004539
007394
004853
006311
006646
005702
000997
005114
005847
003724
007018
004477
001964
002582
006976
003927
000337
000056
003818
002920
002352
001455
005720
005396
002829
006365
007333
001092
003928
006337
003610
000825
006111
002855
007285
003939
004346
001763
006934
000141
003729
000662
001049
000490
005738
007021
003075
006382
000732
004310
004492
007140
003293
004523
003013
005252
004537
005301
000274
001883
004808
005314
001209
000617
001563
003799
001777
001998
000353
007259
000535
005758
004067
004969
006975
005593
006890
000176
004879
005956
005808
001839
002389
005971
001299
002088
001916
000592
005770
006248
001646
001146
001091
004613
006721
001205
002438
003392
003541
000097
006627
004639
003438
002485
001948
002549
000103
006742
003806
000946
005187
007363
002143
006245
005310
006835
005406
001185
001090
004441
007335
006909
001894
007226
005867
003139
003896
006059
000821
006564
000951
004052
007150
003418
005579
001248
002273
004316
002122
005208
005957
004245
002719
004855
006598
006654
005384
006283
003208
002235
000853
004076
005809
006518
006645
000500
002364
001754
003839
005424
007106
000115
005159
003641
000747
002132
005485
005148
000339
006399
002910
003079
005031
004499
000672
003389
004144
005563
003770
003816
002015
004269
003020
003045
001017
004025
007400
006429
001632
007092
005670
003540
007340
000282
000010
005417
006567
003309
005877
006040
005710
003767
000363
003235
005069
005671
000822
000908
005853
002377
006631
000653
004304
001396
007186
004707
003654
002005
006842
006374
004975
001994
006662
005483
002189
000796
006260
003567
005863
005719
003138
001773
002987
005632
004366
006802
000516
000483
004227
002427
000142
006455
002363
003485
007051
001426
000695
006200
005200
005115
006730
006235
002186
000310
003415
001837
003686
003757
000374
003213
003289
002167
000438
006691
005607
002333
005000
001626
004258
007127
003444
005392
003424
006619
004564
004600
000573
000119
000007
002683
003697
005107
002588
004375
003085
002164
002119
005941
000072
003534
007443
006327
007054
000703
002888
000544
000780
002824
006032
005513
004670
001990
005348
000055
005732
006476
003122
004356
007152
006690
004845
006839
005920
003188
004204
002176
007222
002065
006104
004244
000208
002954
001409
001821
006541
004253
002648
002825
006871
003152
003039
002407
004022
000206
004972
003321
003913
000784
001735
000179
004838
002654
000709
006635
001611
007175
002802
006418
004880
000209
003327
004446
006142
000163
000678
005915
002682
006243
004457
006589
006211
006547
001009
004671
006432
002472
000921
000303
006164
003440
002950
001703
000526
006099
004836
007002
005457
005594
001715
002926
003651
001566
003040
000995
001454
000225
002510
002545
003064
001917
005755
002053
002368
001864
004357
007328
001756
005597
004341
005039
000464
003287
006384
007454
001201
002241
001472
002110
007209
007320
004684
004883
000616
001405
005278
005088
000723
006522
002475
006467
003369
002756
002278
006131
005657
004818
005954
003057
002174
001467
002795
000298
000085
000418
004286
002980
006886
004390
005591
004731
000465
003028
002156
005730
000166
003706
003960
002870
001371
004265
005029
000763
000776
006289
000866
005306
001529
003533
004889
003732
006341
001970
005076
002785
005733
004186
003536
002788
000871
006924
001676
006935
004302
002211
007236
005410
001761
005814
001737
000781
004910
005620
006932
006739
000238
001309
005682
001648
003230
002986
006877
001457
000597
001498
006346
003522
006237
000261
004525
006559
006135
000294
004984
000596
000759
002449
000011
004179
002620
004050
004646
002067
005960
004901
006466
003579
004900
002413
004044
002886
003666
003499
000092
000288
000482
004094
002611
007153
003760
000215
006084
002191
004645
000815
001829
005265
003803
000980
003423
003772
006307
001081
000832
000719