005553
005537
006007
005592
002884
006089
003012
002627
002655
002302
005005
003163
005126
004761
004552
003111
006880
001468
007356
006292
003359
005795
002375
004584
003813
006861
003274
006253
007039
005305
005798
006893
001486
001815
004919
000998
000243
004231
001849
001293
006571
001757
004102
002834
003241
000680
006361
002072
007298
005520
004211
003912
000513
006878
003336
004936
000009
006150
007066
003595
000621
001779
003044
002125
005861
003198
005833
006431
004333
004602
000972
001159
002967
004627
005858
004184
002465
004192
006504
004292
003646
002566
004951
006809
001059
006526
000697
006318
002597
000582
001452
004590
002195
003380
000348
006323
004127
003388
007057
001695
001453
002213
000978
006911
005205
006203
002650
005294
002395
000349
001366
002688
004495
000205
005868
003263
000171
000390
007446
001912
001799
005694
000470
006414
005245
001041
002032
001223
001975
005418
001598
003036
004279
003850
001554
000982
001696
006113
003060
003673
003942
004597
005134
002939
006998
001484
007451
006261
005060
006984
002247
004643
003362
004461
006216
002559
004135
006622
003664
005025
005953
005376
001691
003439
001510
000578
001841
003745
002080
005463
001057
001608
005432
005778
004616
001690
005446
004982
004571
002768
000484
007358
003648
002596
000955
001160
001399
000185
004235
005967
004733
001032
001639
001204
004857
006329
004675
000861
000325
006653
002493
007393
000901
006979
007460
003843
005043
003125
003164
000886
005789
005270
001479
004544
004141
001655
004546
002431
003792
004479
002083
006143
000887
006961
005352
006554
000456
001496
003680
005388
002106
001857
000947
000586
006037
000255
003861
003976
005044
000198
005959
001186
004133
004005
002898
000435
007379
001038
005797
001210
003218
000593
006566
000685
006929
005009
005756
000462
005089
003479
002456
005258
006223
005132
000870
006457
004736
007282
005628
000829
000652
007105
001364
001126
001482
003821
000584
004376
006020
006422
002264
005622
001473
006490
003329
002109
002289
004201
007438
000753
005550
004287
003797
004267
003205
007188
005047
004471
006398
003786
006303
000851
007126
006642
004372
007476
002274
004820
000095
001993
005358
005340
005693
002051
004703
003128
005665
002471
005042
006092
001300
000681
001911
005609
004623
000643
001949
004663
001614
006784
004701
000276
002394
005290
006821
004262
004662
002335
005235
004088
000275
006295
003642
000941
000890
006172
002007
003195
001080
001623
003184
005691
002576
001165
001122
000280
003761
003253
002882
004754
002554
006831
007107
002739
004592
001459
006421
000570
003390
004463
000411