000001
000004
000007
000009
000011
000012
000014
000015
000016
000017
000018
000023
000024
000027
000033
000035
000036
000037
000038
000042
000043
000044
000046
000047
000048
000049
000051
000052
000056
000059
000060
000064
000065
000067
000068
000071
000072
000073
000076
000079
000080
000081
000085
000087
000091
000092
000093
000095
000097
000098
000100
000101
000104
000105
000106
000108
000111
000114
000118
000121
000122
000123
000124
000125
000127
000128
000131
000132
000134
000135
000137
000138
000139
000141
000142
000143
000144
000145
000146
000147
000148
000149
000150
000151
000154
000155
000158
000159
000160
000161
000162
000164
000165
000166
000167
000168
000170
000171
000172
000177
000178
000179
000184
000186
000190
000191
000192
000195
000197
000200
000202
000203
000204
000205
000207
000216
000218
000219
000220
000221
000222
000225
000228
000229
000230
000231
000234
000235
000236
000237
000238
000246
000248
000249
000251
000253
000254
000255
000256
000257
000258
000260
000264
000265
000267
000268
000270
000271
000273
000274
000275
000276
000277
000281
000285
000286
000287
000289
000292
000295
000296
000297
000300
000301
000303
000306
000307
000308
000310
000316
000319
000322
000325
000326
000329
000330
000332
000333
000334
000336
000339
000341
000342
000344
000345
000347
000348
000349
000350
000351
000357
000359
000360
000361
000363
000364
000366
000367
000369
000371
000372
000374
000376
000378
000379
000380
000383
000384
000386
000387
000388
000389
000391
000394
000399
000400
000404
000405
000406
000409
000410
000411
000412
000413
000416
000419
000421
000422
000423
000427
000429
000432
000433
000434
000437
000438
000440
000445
000447
000448
000449
000451
000452
000453
000454
000457
000462
000468
000469
000471
000475
000479
000480
000481
000482
000483
000484
000486
000487
000488
000489
000490
000492
000494
000495
000496
000500
000501
000502
000503
000506
000508
000512
000513
000514
000515
000516
000518
000521
000522
000524
000525
000527
000533
000535
000536
000538
000540
000542
000551
000553
000555
000558
000559
000560
000561
000562
000565
000569
000571
000572
000576
000582
000583
000585
000586
000589
000591
000592
000593
000594
000595
000596
000599
000600
000601
000602
000605
000607
000610
000611
000613
000617
000618
000625
000628
000630
000631
000632
000635
000636
000638
000642
000643
000647
000650
000651
000652
000653
000654
000655
000657
000658
000659
000661
000663
000669
000674
000675
000679
000683
000684
000685
000687
000699
000700
000702
000705
000708
000712
000713
000715
000716
000718
000720
000722
000723
000724
000725
000727
000731
000732
000733
000735
000739
000741
000742
000743
000745
000747
000748
000749
000750
000752
000755
000756
000758
000762
000763
000764
000765
000767
000768
000771
000772
000773
000780
000785
000787
000788
000792
000794
000795
000796
000797
000798
000799
000800
000802
000803
000804
000805
000807
000808
000811
000812
000813
000814
000815
000816
000819
000820
000826
000829
000830
000832
000833
000836
000837
000840
000843
000846
000847
000848
000850
000853
000854
000855
000857
000861
000868
000869
000870
000871
000872
000873
000874
000876
000877
000878
000879
000881
000882
000886
000890
000892
000893
000896
000897
000899
000902
000904
000906
000908
000910
000911
000914
000916
000917
000918
000919
000923
000924
000928
000929
000931
000932
000933
000935
000936
000937
000938
000939
000940
000942
000943
000946
000948
000949
000956
000959
000960
000961
000962
000963
000964
000965
000966
000967
000968
000970
000971
000972
000974
000975
000979
000980
000982
000984
000985
000988
000992
000993
000998
000999
001004
001008
001013
001015
001016
001021
001022
001023
001027
001030
001032
001039
001043
001045
001046
001047
001049
001050
001052
001053
001054
001056
001058
001060
001063
001064
001068
001069
001070
001071
001072
001075
001076
001080
001081
001082
001083
001093
001094
001095
001098
001100
001101
001102
001103
001104
001106
001109
001111
001115
001117
001118
001128
001131
001132
001133
001136
001137
001138
001139
001140
001143
001145
001148
001149
001150
001152
001154
001157
001158
001159
001162
001165
001167
001168
001171
001172
001173
001175
001177
001184
001186
001188
001193
001194
001195
001198
001199
001200
001202
001207
001209
001211
001213
001216
001218
001225
001226
001227
001229
001230
001232
001236
001243
001244
001245
001247
001248
001251
001252
001255
001257
001262
001263
001264
001266
001267
001269
001270
001275
001276
001278
001280
001281
001286
001287
001289
001290
001291
001292
001295
001296
001298
001301
001303
001304
001305
001306
001307
001308
001310
001311
001313
001316
001317
001318
001319
001320
001321
001322
001326
001329
001330
001331
001334
001340
001341
001345
001346
001347
001349
001350
001351
001352
001355
001356
001359
001363
001366
001368
001370
001371
001373
001378
001383
001385
001387
001388
001390
001393
001396
001398
001399
001401
001402
001403
001404
001405
001407
001408
001409
001410
001413
001414
001419
001420
001424
001426
001429
001430
001435
001436
001438
001439
001442
001446
001447
001450
001452
001454
001455
001457
001459
001461
001463
001464
001465
001466
001467
001468
001469
001470
001471
001472
001479
001480
001481
001483
001484
001485
001488
001490
001491
001498
001499
001501
001503
001504
001505
001506
001507
001510
001511
001514
001515
001516
001517
001518
001522
001523
001524
001525
001527
001528
001530
001532
001533
001534
001536
001537
001538
001539
001542
001543
001546
001549
001556
001564
001565
001569
001572
001576
001577
001580
001588
001595
001600
001602
001603
001604
001607
001608
001612
001613
001616
001617
001621
001622
001624
001625
001627
001628
001630
001634
001637
001639
001640
001641
001644
001646
001648
001652
001658
001659
001660
001661
001663
001667
001671
001672
001674
001675
001681
001682
001684
001685
001686
001687
001688
001690
001691
001693
001696
001697
001701
001704
001705
001707
001708
001711
001712
001713
001714
001715
001716
001717
001718
001719
001722
001726
001727
001730
001737
001738
001741
001742
001744
001745
001747
001750
001751
001752
001753
001755
001756
001759
001760
001762
001763
001764
001766
001767
001770
001774
001776
001784
001785
001786
001787
001788
001790
001791
001792
001793
001794
001795
001798
001799
001802
001803
001806
001807
001808
001810
001812
001813
001814
001816
001818
001822
001824
001828
001836
001837
001840
001841
001842
001843
001844
001847
001850
001851
001853
001854
001855
001857
001858
001859
001861
001863
001869
001870
001871
001873
001874
001875
001876
001877
001880
001881
001884
001885
001888
001889
001890
001891
001892
001893
001895
001896
001906
001907
001908
001909
001910
001913
001914
001915
001916
001917
001918
001920
001921
001925
001928
001930
001931
001933
001934
001935
001936
001937
001940
001942
001943
001945
001950
001951
001952
001954
001956
001959
001961
001962
001963
001964
001965
001967
001972
001973
001975
001976
001978
001979
001981
001986
001987
001988
001989
001990
001991
001992
001997
002000
002005
002006
002007
002008
002010
002011
002012
002013
002014
002015
002017
002018
002021
002024
002025
002032
002037
002038
002040
002042
002044
002045
002046
002047
002052
002056
002060
002065
002066
002070
002071
002073
002074
002076
002082
002083
002084
002085
002086
002088
002091
002092
002094
002095
002096
002097
002104
002110
002113
002114
002115
002121
002123
002124
002125
002126
002133
002139
002140
002141
002142
002147
002149
002151
002154
002155
002157
002160
002161
002163
002165
002166
002170
002171
002172
002173
002175
002176
002177
002180
002181
002182
002186
002187
002188
002189
002190
002194
002197
002201
002202
002205
002206
002207
002209
002210
002212
002215
002217
002219
002221
002223
002224
002225
002228
002229
002230
002231
002238
002241
002242
002243
002245
002248
002251
002253
002258
002259
002260
002261
002262
002264
002266
002275
002278
002279
002280
002281
002282
002283
002284
002285
002286
002290
002291
002292
002293
002295
002297
002298
002301
002302
002304
002305
002307
002308
002309
002311
002314
002315
002317
002318
002319
002322
002325
002328
002331
002332
002333
002336
002337
002338
002339
002341
002344
002346
002347
002348
002349
002351
002353
002356
002362
002363
002369
002370
002371
002375
002377
002379
002381
002385
002386
002387
002388
002391
002393
002395
002396
002397
002417
002420
002425
002426
002427
002432
002433
002434
002435
002436
002440
002444
002446
002448
002451
002452
002458
002459
002461
002464
002465
002466
002467
002470
002471
002472
002473
002474
002475
002477
002480
002481
002483
002486
002487
002492
002496
002501
002502
002505
002506
002508
002510
002517
002519
002520
002521
002525
002526
002527
002530
002531
002532
002533
002535
002536
002537
002538
002540
002542
002546
002547
002548
002552
002556
002557
002561
002563
002565
002569
002571
002572
002573
002574
002576
002577
002578
002580
002581
002583
002584
002587
002588
002595
002596
002598
002599
002600
002603
002604
002607
002609
002613
002614
002616
002619
002622
002623
002625
002626
002627
002628
002630
002631
002632
002634
002635
002639
002640
002642
002644
002645
002646
002649
002650
002652
002653
002654
002656
002659
002661
002662
002663
002665
002666
002668
002672
002674
002678
002679
002681
002682
002683
002688
002690
002691
002692
002694
002699
002702
002703
002704
002706
002707
002708
002709
002711
002712
002713
002714
002715
002717
002720
002721
002722
002724
002725
002731
002734
002738
002740
002742
002744
002747
002748
002749
002752
002753
002754
002755
002758
002759
002760
002761
002762
002764
002765
002768
002771
002775
002778
002779
002782
002791
002792
002793
002794
002796
002800
002802
002803
002804
002807
002809
002814
002816
002818
002819
002821
002822
002823
002825
002828
002832
002833
002834
002835
002836
002838
002840
002843
002844
002847
002848
002850
002851
002859
002864
002866
002867
002870
002871
002873
002874
002883
002885
002889
002891
002892
002894
002899
002901
002907
002909
002910
002913
002914
002915
002917
002919
002922
002923
002924
002925
002926
002930
002932
002933
002936
002939
002940
002943
002944
002946
002947
002950
002951
002953
002954
002960
002961
002963
002964
002965
002966
002973
002977
002979
002980
002981
002985
002987
002988
002990
002991
002992
002998
002999
003000
003003
003005
003007
003008
003009
003013
003015
003017
003018
003020
003023
003025
003027
003029
003031
003033
003035
003036
003037
003039
003040
003041
003042
003046
003047
003048
003050
003051
003054
003055
003056
003057
003058
003065
003070
003071
003074
003084
003086
003088
003089
003091
003095
003096
003097
003106
003107
003108
003111
003112
003114
003116
003118
003120
003124
003125
003126
003129
003131
003132
003133
003136
003137
003138
003139
003140
003141
003142
003143
003146
003148
003149
003151
003152
003154
003156
003157
003159
003160
003163
003165
003169
003172
003173
003178
003179
003181
003183
003184
003187
003189
003191
003192
003194
003195
003199
003200
003201
003203
003206
003207
003210
003212
003214
003216
003217
003222
003224
003227
003229
003230
003231
003232
003233
003235
003236
003237
003238
003239
003244
003245
003246
003249
003250
003251
003253
003256
003259
003260
003262
003264
003272
003273
003275
003276
003278
003282
003285
003286
003289
003290
003293
003294
003296
003298
003300
003301
003302
003304
003305
003306
003309
003311
003314
003317
003318
003322
003323
003329
003334
003335
003336
003338
003340
003341
003343
003344
003345
003347
003351
003353
003354
003356
003359
003360
003361
003362
003363
003364
003365
003366
003367
003368
003369
003371
003372
003377
003378
003379
003380
003382
003385
003388
003390
003391
003393
003396
003397
003398
003401
003402
003403
003404
003409
003412
003415
003418
003419
003422
003425
003426
003427
003428
003429
003431
003434
003438
003440
003441
003442
003447
003450
003453
003455
003458
003459
003462
003464
003465
003466
003468
003469
003470
003471
003472
003473
003475
003477
003479
003480
003484
003485
003486
003487
003488
003489
003492
003493
003494
003495
003496
003498
003499
003500
003501
003502
003505
003507
003508
003509
003511
003513
003519
003522
003525
003527
003528
003530
003531
003534
003535
003537
003538
003539
003544
003545
003548
003549
003550
003551
003552
003553
003554
003556
003558
003561
003562
003563
003564
003566
003568
003572
003574
003580
003583
003585
003586
003589
003594
003597
003598
003599
003600
003601
003602
003603
003605
003606
003608
003609
003611
003612
003614
003616
003619
003622
003626
003627
003629
003630
003632
003639
003641
003642
003643
003644
003645
003646
003650
003651
003652
003654
003655
003657
003659
003663
003664
003666
003668
003673
003678
003679
003680
003682
003683
003684
003686
003687
003688
003689
003690
003692
003695
003697
003698
003701
003702
003706
003708
003710
003713
003714
003715
003716
003718
003719
003720
003722
003723
003725
003726
003727
003728
003729
003730
003735
003739
003740
003743
003744
003745
003750
003751
003752
003753
003754
003757
003758
003759
003763
003765
003767
003769
003775
003776
003781
003784
003785
003788
003790
003791
003792
003794
003801
003804
003805
003807
003809
003812
003813
003814
003815
003816
003818
003824
003826
003827
003832
003834
003839
003841
003844
003845
003846
003848
003850
003854
003856
003861
003863
003865
003866
003868
003869
003870
003871
003872
003873
003876
003878
003880
003884
003886
003887
003890
003891
003896
003897
003899
003900
003902
003906
003910
003912
003914
003916
003917
003919
003921
003923
003924
003925
003929
003930
003931
003933
003934
003935
003936
003937
003939
003940
003942
003943
003944
003945
003948
003949
003950
003952
003955
003958
003959
003960
003963
003964
003966
003968
003972
003973
003976
003977
003979
003980
003987
003991
003992
003993
003994
003995
003996
003999
004000
004001
004002
004003
004006
004009
004010
004011
004013
004016
004017
004018
004020
004022
004024
004027
004028
004029
004030
004031
004032
004035
004037
004039
004040
004041
004042
004046
004048
004054
004055
004056
004057
004058
004061
004062
004064
004065
004068
004069
004070
004071
004074
004075
004077
004080
004081
004082
004083
004084
004086
004088
004089
004090
004094
004097
004098
004100
004101
004104
004105
004107
004108
004113
004117
004119
004120
004121
004124
004126
004127
004129
004131
004132
004133
004134
004135
004137
004138
004139
004140
004141
004142
004144
004145
004148
004149
004150
004152
004153
004155
004156
004161
004169
004170
004173
004175
004177
004179
004181
004182
004185
004186
004187
004190
004191
004194
004195
004197
004198
004200
004201
004202
004204
004209
004210
004212
004214
004215
004216
004217
004218
004220
004221
004223
004227
004235
004236
004243
004244
004245
004248
004254
004255
004256
004257
004259
004264
004265
004267
004269
004270
004271
004273
004274
004275
004277
004278
004279
004282
004283
004284
004285
004286
004287
004288
004289
004291
004295
004296
004297
004300
004303
004304
004313
004314
004315
004317
004318
004319
004321
004322
004327
004328
004329
004330
004332
004334
004335
004336
004338
004340
004341
004342
004343
004349
004351
004353
004354
004358
004359
004362
004364
004365
004371
004374
004376
004377
004378
004379
004381
004382
004383
004384
004387
004388
004392
004394
004396
004397
004402
004403
004404
004406
004407
004408
004411
004413
004414
004415
004416
004417
004419
004422
004425
004431
004433
004435
004436
004441
004443
004447
004448
004453
004454
004456
004459
004460
004466
004473
004474
004475
004477
004479
004480
004481
004485
004487
004490
004499
004501
004504
004506
004510
004511
004512
004515
004517
004519
004522
004525
004527
004528
004530
004532
004533
004534
004537
004539
004547
004548
004553
004555
004556
004557
004558
004560
004561
004562
004563
004565
004567
004568
004569
004573
004574
004576
004577
004578
004581
004582
004585
004586
004588
004590
004591
004596
004599
004602
004603
004604
004607
004609
004610
004611
004612
004614
004615
004616
004617
004621
004623
004625
004626
004629
004630
004631
004635
004637
004639
004641
004644
004645
004647
004648
004649
004652
004654
004656
004657
004658
004659
004661
004665
004668
004669
004670
004671
004673
004675
004677
004680
004682
004683
004686
004687
004690
004692
004693
004694
004697
004698
004699
004702
004704
004705
004706
004707
004708
004709
004712
004714
004715
004718
004720
004722
004725
004726
004728
004729
004730
004735
004736
004737
004738
004740
004742
004743
004744
004745
004746
004747
004752
004753
004754
004756
004757
004758
004759
004766
004769
004770
004772
004774
004775
004776
004779
004781
004784
004788
004791
004792
004796
004799
004801
004804
004806
004808
004809
004810
004819
004821
004823
004824
004825
004827
004828
004832
004833
004835
004836
004837
004838
004839
004840
004843
004850
004852
004855
004857
004858
004859
004860
004862
004863
004864
004866
004867
004872
004875
004876
004880
004883
004884
004885
004886
004891
004893
004894
004897
004898
004899
004906
004907
004908
004910
004914
004917
004919
004921
004922
004923
004924
004926
004927
004928
004929
004936
004941
004944
004945
004947
004950
004952
004954
004955
004956
004957
004960
004963
004964
004965
004968
004969
004971
004978
004981
004982
004983
004985
004987
004989
004991
004992
004993
004995
004998
004999
005002
005008
005009
005011
005012
005013
005015
005019
005023
005025
005027
005028
005039
005041
005043
005046
005047
005048
005053
005055
005056
005058
005060
005061
005062
005063
005064
005065
005067
005068
005069
005070
005071
005073
005074
005075
005077
005080
005081
005082
005083
005086
005088
005092
005093
005094
005096
005097
005098
005101
005102
005108
005110
005112
005113
005114
005116
005117
005118
005119
005123
005125
005132
005133
005134
005137
005138
005141
005143
005146
005147
005148
005149
005151
005153
005155
005158
005159
005163
005164
005166
005167
005168
005169
005170
005171
005174
005176
005177
005181
005182
005187
005191
005194
005195
005196
005200
005201
005203
005204
005205
005209
005210
005211
005213
005214
005215
005217
005220
005222
005226
005228
005229
005232
005234
005235
005236
005237
005238
005239
005240
005242
005244
005245
005246
005248
005249
005250
005253
005254
005256
005258
005260
005261
005262
005263
005264
005268
005270
005271
005272
005273
005275
005277
005278
005281
005282
005284
005287
005288
005294
005297
005298
005299
005302
005303
005308
005309
005311
005312
005313
005314
005316
005318
005320
005321
005322
005323
005325
005326
005328
005331
005334
005336
005337
005338
005339
005342
005343
005344
005348
005352
005353
005354
005355
005356
005357
005360
005362
005363
005364
005366
005369
005370
005373
005374
005375
005377
005378
005380
005382
005383
005384
005390
005391
005396
005400
005402
005403
005405
005412
005413
005414
005419
005428
005430
005431
005434
005436
005437
005444
005447
005448
005451
005452
005453
005454
005455
005457
005460
005462
005467
005468
005469
005471
005472
005473
005474
005475
005476
005482
005483
005484
005491
005495
005496
005497
005498
005501
005502
005503
005505
005506
005507
005508
005509
005510
005511
005512
005516
005517
005518
005520
005521
005522
005523
005525
005528
005532
005536
005538
005542
005543
005544
005545
005548
005549
005552
005553
005555
005557
005558
005561
005562
005565
005566
005568
005569
005571
005572
005573
005575
005579
005581
005582
005587
005592
005598
005603
005604
005608
005609
005612
005615
005617
005619
005620
005621
005623
005626
005633
005634
005635
005638
005640
005642
005645
005646
005649
005650
005651
005652
005653
005654
005656
005658
005661
005663
005666
005667
005668
005671
005674
005675
005676
005680
005681
005682
005685
005688
005691
005692
005693
005700
005702
005703
005704
005705
005706
005709
005712
005713
005714
005715
005717
005718
005719
005720
005721
005725
005726
005727
005728
005734
005737
005738
005739
005742
005743
005748
005750
005751
005752
005753
005754
005756
005758
005763
005770
005773
005774
005776
005780
005782
005785
005786
005787
005788
005790
005791
005792
005795
005796
005798
005807
005809
005810
005811
005812
005813
005814
005815
005816
005824
005827
005831
005833
005834
005837
005838
005839
005840
005841
005846
005848
005849
005852
005853
005855
005856
005857
005858
005859
005860
005861
005866
005868
005871
005872
005873
005874
005878
005882
005886
005891
005892
005893
005900
005905
005908
005909
005910
005911
005912
005913
005914
005915
005916
005920
005921
005922
005923
005925
005926
005927
005929
005932
005935
005938
005939
005944
005945
005949
005950
005952
005957
005959
005963
005965
005968
005971
005981
005983
005984
005985
005986
005987
005988
005991
005995
005997
005998
006000
006001
006003
006004
006007
006008
006010
006011
006012
006023
006024
006032
006033
006036
006038
006040
006041
006042
006045
006046
006047
006048
006049
006054
006059
006063
006064
006067
006068
006069
006070
006071
006072
006078
006079
006080
006081
006082
006083
006084
006088
006092
006100
006102
006104
006106
006108
006109
006111
006112
006116
006118
006119
006121
006122
006123
006127
006130
006133
006134
006136
006137
006138
006139
006141
006144
006145
006148
006153
006154
006160
006162
006165
006168
006172
006173
006174
006175
006176
006177
006179
006189
006190
006196
006202
006203
006204
006205
006207
006208
006210
006211
006212
006213
006217
006219
006220
006224
006225
006229
006232
006235
006236
006238
006239
006241
006245
006247
006248
006249
006250
006252
006253
006254
006255
006256
006260
006262
006263
006264
006265
006267
006268
006272
006276
006277
006279
006280
006281
006282
006286
006287
006288
006289
006290
006291
006293
006295
006296
006297
006298
006300
006307
006309
006312
006313
006314
006316
006318
006320
006323
006326
006327
006328
006330
006331
006334
006335
006339
006340
006343
006344
006345
006352
006358
006361
006362
006363
006364
006366
006367
006369
006374
006375
006376
006377
006380
006384
006385
006386
006387
006389
006390
006394
006395
006396
006400
006402
006403
006405
006407
006409
006410
006412
006413
006414
006415
006417
006418
006419
006420
006421
006422
006423
006424
006427
006428
006431
006432
006433
006436
006437
006438
006439
006441
006442
006443
006444
006446
006447
006449
006450
006452
006453
006456
006457
006459
006461
006463
006464
006465
006467
006469
006470
006473
006475
006476
006477
006478
006481
006482
006484
006488
006491
006492
006495
006496
006497
006498
006499
006500
006501
006503
006505
006507
006508
006511
006512
006513
006517
006523
006524
006528
006529
006533
006536
006542
006543
006544
006545
006546
006551
006555
006557
006559
006561
006562
006564
006565
006567
006569
006570
006571
006574
006577
006578
006580
006582
006583
006586
006587
006589
006590
006593
006595
006603
006604
006605
006608
006609
006610
006613
006614
006615
006616
006619
006623
006624
006625
006626
006627
006631
006633
006634
006635
006636
006637
006639
006640
006642
006643
006645
006649
006650
006651
006655
006658
006667
006668
006670
006673
006680
006681
006682
006684
006689
006691
006693
006696
006698
006700
006702
006703
006704
006708
006711
006712
006713
006714
006715
006716
006717
006718
006719
006721
006723
006724
006726
006728
006729
006730
006733
006736
006737
006738
006740
006741
006743
006744
006745
006747
006756
006757
006759
006760
006761
006762
006766
006768
006770
006771
006773
006775
006777
006779
006780
006781
006782
006785
006786
006788
006789
006790
006791
006792
006794
006800
006801
006803
006805
006809
006810
006811
006813
006814
006815
006818
006820
006823
006825
006826
006827
006828
006829
006832
006836
006838
006840
006841
006842
006844
006846
006847
006848
006849
006851
006852
006853
006854
006855
006856
006857
006858
006859
006862
006863
006865
006870
006872
006874
006876
006877
006883
006884
006886
006887
006889
006893
006895
006902
006904
006906
006907
006908
006910
006911
006912
006913
006915
006918
006922
006923
006924
006925
006926
006927
006928
006929
006932
006933
006937
006939
006943
006944
006946
006948
006950
006952
006953
006954
006956
006957
006958
006959
006960
006961
006962
006964
006969
006970
006971
006973
006974
006975
006978
006980
006984
006985
006989
006991
006993
006995
006997
006998
006999
007001
007006
007007
007008
007011
007012
007013
007014
007015
007016
007018
007019
007020
007022
007026
007029
007030
007031
007038
007041
007042
007043
007044
007046
007049
007052
007055
007056
007058
007061
007066
007070
007071
007078
007079
007083
007086
007087
007092
007094
007096
007098
007099
007100
007101
007102
007103
007105
007107
007109
007113
007114
007116
007118
007119
007120
007121
007122
007124
007125
007127
007128
007129
007130
007133
007134
007135
007136
007139
007141
007142
007146
007152
007156
007157
007160
007161
007162
007163
007164
007167
007168
007171
007174
007179
007180
007183
007184
007189
007192
007193
007195
007196
007197
007199
007200
007201
007202
007203
007204
007205
007206
007207
007210
007211
007213
007218
007221
007226
007227
007229
007234
007235
007236
007238
007239
007240
007242
007247
007248
007249
007252
007254
007255
007262
007263
007265
007268
007273
007274
007276
007279
007281
007284
007286
007287
007289
007292
007295
007296
007298
007301
007302
007306
007307
007312
007313
007314
007316
007317
007318
007319
007326
007328
007329
007331
007333
007334
007339
007341
007345
007347
007348
007350
007352
007353
007355
007356
007359
007360
007363
007364
007365
007366
007367
007368
007369
007373
007374
007375
007377
007379
007381
007385
007386
007389
007390
007391
007393
007394
007396
007397
007404
007406
007410
007412
007414
007415
007416
007419
007420
007421
007422
007429
007432
007434
007435
007439
007440
007443
007445
007446
007449
007451
007453
007455
007456
007457
007461
007462
007464
007468
007469
007472
007473
007475
007478
